8.796166539280213416e+07
9.037689242349848151e+07
8.878625622297799587e+07
7.220932570181079209e+07
7.223393991640062630e+07
6.728483715651948750e+07
6.563724541771717370e+07
6.224703813911180198e+07
5.576866482848205417e+07
4.873400600397124141e+07
4.479545252390921116e+07
3.942139488415984809e+07
3.469481253671962768e+07
3.058701994302784279e+07
2.496175331195392832e+07
2.050235546359195560e+07
1.829924949291769415e+07
1.632000861695805565e+07
1.236084693706363067e+07
1.008005813965792581e+07
8.723399676595019177e+06
7.338575512351259589e+06
5.908063634496700019e+06
5.012137231290536001e+06
4.445503793433072045e+06
3.313422648996040225e+06
2.722363995345088653e+06
2.479272162613262422e+06
1.947694673027587589e+06
1.814519501223825384e+06
1.561240080458378419e+06
1.326732409978586948e+06
1.143507143765669782e+06
1.052427235146058025e+06
8.903853673199899495e+05
7.759395466229562880e+05
7.545029960772402119e+05
7.099400596144387964e+05
6.135727329463476781e+05
5.727059299007363152e+05
5.073494019555373816e+05
4.679097228065811796e+05
4.482870842738033971e+05
4.024669659309390117e+05
3.665827640102244914e+05
3.343213267294339021e+05
3.357347808058573282e+05
3.139802139936794410e+05
2.636429152517028851e+05
2.565158878979034198e+05
2.438135581362520461e+05
2.243318501969343633e+05
2.094794161740114796e+05
2.008620082880622358e+05
1.784493942029276222e+05
1.703033704610660207e+05
1.610014938565283082e+05
1.471583268469274626e+05
1.361181918914853013e+05
1.204931374749568495e+05
1.170891519576384890e+05
1.065123788933200995e+05
1.000357101747262059e+05
9.263757751999382162e+04
8.890025087753421394e+04
8.145941031116832164e+04
7.814335256409671274e+04
7.032875438544541248e+04
6.515655961070430931e+04
6.321300583741775336e+04
5.848075743781279016e+04
5.368126843076082878e+04
5.164597791644807876e+04
4.787769186421379709e+04
4.390040657863648084e+04
4.185204940346693184e+04
3.833527755452867132e+04
3.685059121574927121e+04
3.358461897153912287e+04
3.087280476711517986e+04
2.981314170583212399e+04
2.773580229092323498e+04
2.655305892447174847e+04
2.486818080454003211e+04
2.238710508543199103e+04
2.172114683170614080e+04
1.894165533729852905e+04
1.814725250608251736e+04
1.726000258876851876e+04
1.608349991423015308e+04
1.578121302764261782e+04
1.426754230435427235e+04
1.338088771605112379e+04
1.262686052990915960e+04
1.207451125408295593e+04
1.106060778577900601e+04
1.031454360225979872e+04
1.019331737096055804e+04
9.123594395008587526e+03
8.775277927901015573e+03
8.174128653766742900e+03
7.951170300624059564e+03
7.305472457618973749e+03
7.114567873291515752e+03
6.460375346275442098e+03
6.155831552934369029e+03
5.907241795539242958e+03
5.301069601542446435e+03
5.091784841049694478e+03
4.908757646377415767e+03
4.510586935729023935e+03
4.447096416732679245e+03
3.986630123369493958e+03
3.816067378837595697e+03
3.692837507335084865e+03
3.488181927701109089e+03
3.173182467744429687e+03
3.044610193666637315e+03
2.793514255749131280e+03
2.708736472237095313e+03
2.539349822165272599e+03
2.413777182296179944e+03
2.330712409265037422e+03
2.202313799479637510e+03
1.990382085881112289e+03
1.915963069850814691e+03
1.814609480136544562e+03
1.766719380626175280e+03
1.633821233638898320e+03
1.534085529312527569e+03
1.452457392474393146e+03
1.389422501223466725e+03
1.328895927436634338e+03
1.220668014484525656e+03
1.161558718600159409e+03
1.097994621204046780e+03
1.026197870021093422e+03
9.799052433004484328e+02
9.255741438217886525e+02
8.766495027269280627e+02
8.685419779578147654e+02
8.117722660166443802e+02
7.798386818251516388e+02
7.213876075457853858e+02
6.660162685712956545e+02
6.389872796788374671e+02
6.010614380672793686e+02
5.789750356618202431e+02
5.452744020305839285e+02
5.138766171883105471e+02
4.956202462459390290e+02
4.579437558271524722e+02
4.289513942828786526e+02
4.176513112454120460e+02
3.863076564732292582e+02
3.767164042253776302e+02
3.636843794295675139e+02
3.395232139596741945e+02
3.199180321465456700e+02
3.108329200159417383e+02
2.978062716725984842e+02
2.787568765865251521e+02
2.598449508365170004e+02
2.580621131038508338e+02
2.358432339742123531e+02
2.245790388369001107e+02
2.160308077533250639e+02
2.053005828658933183e+02
1.942342643416896522e+02
1.858492179366758705e+02
1.741315306461575858e+02
1.707043237979972048e+02
1.594528076170213922e+02
1.513063122421154389e+02
1.512336513266273812e+02
1.389386000339920884e+02
1.313225759009333728e+02
1.209857805103408026e+02
1.196878695148443938e+02
1.134497688664418291e+02
1.070907154672688932e+02
1.033140651193520654e+02
9.732293208852787814e+01
9.318747649368322072e+01
8.822084822513809854e+01
8.392059967617944949e+01
8.010943076462112344e+01
7.674107013332886140e+01
7.236837641660652309e+01
6.763458567402631161e+01
6.703512785384697281e+01
6.448549989823506223e+01
5.912781731013853914e+01
5.877500782371182453e+01
5.430490559201382439e+01
5.100576058535646951e+01
5.056642895100928570e+01
4.688792098085881577e+01
4.482839844821351960e+01
4.288281795023714693e+01
4.150933759859476879e+01
4.041233204026062253e+01
3.855699958506779268e+01
3.644496652090678168e+01
3.461524303853857276e+01
3.306625474227332973e+01
3.075794222849513204e+01
2.956172936519809014e+01
2.936427504979423730e+01
2.827951029888753709e+01
2.673602967725089385e+01
2.523884292845444932e+01
2.368774079234426111e+01
2.359385844602246962e+01
2.281073080125432639e+01
2.156829822914682282e+01
2.048378231742226419e+01
1.957861201646110061e+01
1.876473744928808784e+01
1.798738740596449048e+01
1.771246059694030350e+01
1.667856652065917800e+01
1.609257873964716623e+01
1.560076617466112658e+01
1.500315384405304897e+01
1.463413170407237907e+01
1.416632351627777986e+01
1.327129697213291593e+01
1.268740569280207531e+01
1.259375843934116368e+01
1.198421364972168135e+01
1.159345311465654937e+01
1.115065746134969693e+01
1.070055781953854179e+01
1.074970695043638358e+01
1.006194865006263761e+01
9.650775486463381014e+00
9.120704128674178790e+00
8.979143405659169019e+00
8.952034441598723191e+00
8.460331261642734191e+00
8.295744458528634624e+00
8.243151712127271935e+00
7.855355628788061040e+00
7.748209773734187067e+00
7.299798684886793509e+00
7.249269276234704407e+00
7.075428339944164868e+00
6.907466970541266349e+00
7.006442688866762580e+00
6.477854610804797630e+00
6.695716837958317846e+00
6.283518378134940185e+00
6.255260643326036707e+00
6.236614884180231577e+00
