1.509573037672773361e+09
1.680380314231267691e+09
1.637197126654263735e+09
1.530264243401495457e+09
1.496392621335852385e+09
1.506959169416593552e+09
1.320745936760696888e+09
1.104916601094789028e+09
1.022485769440097570e+09
8.294286131753711700e+08
7.422332564911090136e+08
6.062953001387312412e+08
5.329926525084013939e+08
4.690459304056702852e+08
3.738367398735527992e+08
3.344314795541746020e+08
2.771435603335038424e+08
2.277763635325766206e+08
1.864172934578817487e+08
1.457096252181495726e+08
1.236162652548528910e+08
1.059652228924434185e+08
8.162503746129527688e+07
6.838571516156712174e+07
6.164986361521379650e+07
5.165838877264673263e+07
4.164307380728779733e+07
3.747669582851314545e+07
3.231267411681892723e+07
2.792240894412209466e+07
2.497398534856576473e+07
2.266061266585967690e+07
2.082864254667096585e+07
1.891212320953824371e+07
1.657433275236691907e+07
1.536327348704909347e+07
1.430909825498914346e+07
1.254326749786303379e+07
1.209787340675055794e+07
1.147447928215620667e+07
1.083035855064054392e+07
9.297492573154393584e+06
8.972176264268562198e+06
8.741373964412715286e+06
7.967120242312377319e+06
7.182022147537182085e+06
6.963179637485611252e+06
6.210892401492301375e+06
6.242957047575912438e+06
5.747204693282316439e+06
5.316541675464265049e+06
5.063179294331843033e+06
4.838954757531723008e+06
4.585602922574956901e+06
4.367841439846327528e+06
4.110030073212198913e+06
3.833240142415499780e+06
3.626974212523906026e+06
3.495006612615256105e+06
3.222655225690671708e+06
3.135761558546129148e+06
2.825896000954467803e+06
2.695761107320187148e+06
2.551985146562830545e+06
2.530360200870884117e+06
2.385622509151673410e+06
2.264807343817454763e+06
2.115209210063141771e+06
2.000177251496358309e+06
1.958297316135995090e+06
1.819835966222219169e+06
1.760742661710927729e+06
1.607344560424528550e+06
1.556438756786232116e+06
1.518617197067509638e+06
1.414869216443044366e+06
1.345436032411925262e+06
1.266649042869224679e+06
1.239601042578172637e+06
1.140363025843885262e+06
1.093813178808143828e+06
1.090894059074702673e+06
1.003359302427002229e+06
1.004120516452159383e+06
9.519219359741488006e+05
8.739000490093661938e+05
8.396131520466295769e+05
8.237747420167785604e+05
7.803242984626586549e+05
7.467764806420569075e+05
7.082118324960719328e+05
6.841411407051642891e+05
6.534821280283877859e+05
6.260383382500035223e+05
5.920692248929764610e+05
5.612885201694343705e+05
5.496261030477883760e+05
5.468915803674710914e+05
5.053621745265525533e+05
4.858785761787363444e+05
4.625654469741789508e+05
4.544518961475257529e+05
4.361124116272317478e+05
4.042063243572223000e+05
4.092236873415855807e+05
3.788814296951814322e+05
3.749168399332106346e+05
3.596108018811732181e+05
3.450732766892282525e+05
3.225549710827004164e+05
3.133567319485039916e+05
3.045469124222115497e+05
2.962583835354859475e+05
2.894843945111111389e+05
2.755798966222021845e+05
2.592049537259246572e+05
2.612023368857948226e+05
2.489512230738381331e+05
2.385760197137954528e+05
2.288328379078376456e+05
2.161431041465277376e+05
2.111015773814219865e+05
2.030478495065893803e+05
2.010259509359268995e+05
1.877340618724984233e+05
1.847749374615703418e+05
1.767138474463892053e+05
1.727855432514289278e+05
1.683309943275010737e+05
1.575845538993580849e+05
1.532868327675881737e+05
1.510882945968384156e+05
1.423343482065161224e+05
1.324062370865716948e+05
1.339530647572099406e+05
1.262301211986258131e+05
1.263225952840629761e+05
1.205060510425590037e+05
1.159144986985624564e+05
1.098427296271052910e+05
1.086207551429422747e+05
1.050597892764680291e+05
1.008525902052063175e+05
9.813337942800897872e+04
9.171012578901604866e+04
9.167336696057369409e+04
8.619946321387014177e+04
8.421988381726118678e+04
8.238396304598540883e+04
7.795622054149940959e+04
7.745214954684863915e+04
7.422689736087273923e+04
7.119807295838775462e+04
7.099083224763472390e+04
6.728306212017993676e+04
6.589132483377202880e+04
6.289825458115180663e+04
6.148924143832349364e+04
5.892702768596712122e+04
5.734280893761888001e+04
5.613366274031229841e+04
5.431262567994691199e+04
5.154261841942997125e+04
4.964778314215713908e+04
4.918829028729921265e+04
4.756037424373011163e+04
4.566502639570774772e+04
4.476082608700408309e+04
4.319716127660810889e+04
4.152770585307652800e+04
4.007099621098015632e+04
3.858795664113803650e+04
3.741725396115462354e+04
3.615318700960287242e+04
3.548112424899585312e+04
3.346330913868374773e+04
3.265704938403979031e+04
3.237831709225960003e+04
3.062156831801319640e+04
3.033595430703192687e+04
2.908298682779500814e+04
2.811730112003259273e+04
2.779705538250814425e+04
2.654398716701641752e+04
2.599166834981949432e+04
2.492851589951070491e+04
2.412200598405609344e+04
2.308055808714725208e+04
2.207338322294306272e+04
2.179213501975230611e+04
2.158304769136136747e+04
2.089476974670962954e+04
2.000002070849481242e+04
1.927978292943123597e+04
1.882371076376326891e+04
1.854349884448620287e+04
1.820257128612782617e+04
1.731567242918385455e+04
1.686485990398189097e+04
1.648279124939725079e+04
1.573746588114549013e+04
1.537785630167075215e+04
1.473438028374677015e+04
1.433591843065912872e+04
1.366770670631809298e+04
1.358031469279205703e+04
1.298989852616309872e+04
1.273472766239020348e+04
1.240880496974206108e+04
1.215701974686659742e+04
1.177343340202167565e+04
1.129592942871202285e+04
1.102798870929882833e+04
1.093639212017140380e+04
1.045160162621812560e+04
1.015999935583900151e+04
9.930193265920739577e+03
9.575092678458360751e+03
9.115083822425000108e+03
9.110449960762325645e+03
8.645993497629637204e+03
8.438323457718037389e+03
8.252854648769880441e+03
7.950951714172752872e+03
7.706811518691620222e+03
7.628491961054623062e+03
7.300357055421603945e+03
6.986531400205871250e+03
6.970001377902898639e+03
6.594051945435667221e+03
6.407833218875146486e+03
6.191696892406270308e+03
6.034791854329620037e+03
5.922135594779972052e+03
5.689891330801632648e+03
5.702432930917756494e+03
5.285367555031109077e+03
5.397019785210936789e+03
5.204219496904403968e+03
5.145087728766074179e+03
4.953014631194263529e+03
4.729431949276139676e+03
4.664885921579168098e+03
4.501144036839948058e+03
4.352276054724442474e+03
4.191847934267587334e+03
4.129309770068123726e+03
3.974959821974096940e+03
3.868640398132704377e+03
3.843426311604301191e+03
3.715461612065251302e+03
3.703709050522969392e+03
3.469097409923395844e+03
3.397673143668578177e+03
3.266365102833994115e+03
3.123002661316076683e+03
3.076690886151556697e+03
3.015334014387576644e+03
2.938132524751193159e+03
2.856474702418038760e+03
2.784768566389305761e+03
2.635165578669175829e+03
2.599517117773846621e+03
2.553358750330552539e+03
2.502722369755543696e+03
2.382098845314701066e+03
2.338121906719204162e+03
2.315322754957883262e+03
2.261769586105675899e+03
2.154144939657048781e+03
2.110261470770583855e+03
2.032820371491961168e+03
1.970975119538729359e+03
1.965744951293981558e+03
1.911243734117894292e+03
1.851892343017269013e+03
1.797667943378141672e+03
1.752104825110192451e+03
1.712222503308626528e+03
1.639894213433047071e+03
1.607153707354544167e+03
1.562914628064447470e+03
1.550378163373638927e+03
1.480178670580589369e+03
1.466660186009013387e+03
1.409729412775599030e+03
1.369730194753463593e+03
1.336527766237054493e+03
1.304099742060730478e+03
1.295237624726612466e+03
1.216410105151912148e+03
1.183104635318177316e+03
1.173378613648140345e+03
1.132343490005565855e+03
1.094184365298205648e+03
1.062441857746714504e+03
1.039232344086211015e+03
1.004022908939225658e+03
9.930164780171469374e+02
9.727106652085119549e+02
9.246395725944552169e+02
9.154855667280158968e+02
8.944927612046358263e+02
8.614400615315691994e+02
8.392368180877626855e+02
8.266969628000697412e+02
8.047021565135557921e+02
7.814718808609173948e+02
7.485436775189441505e+02
7.430713425378019110e+02
7.181747104058391642e+02
7.114081861067063528e+02
6.863861019838861921e+02
6.680332943383493784e+02
6.550110404813054856e+02
6.436359440357505264e+02
6.073016140001548138e+02
6.078648047015410611e+02
5.845002958027823752e+02
5.761680654358366382e+02
5.616798371285123039e+02
5.371262876935549002e+02
5.356087116188534765e+02
5.252256422798095628e+02
4.978550446902857516e+02
4.938400142444858147e+02
4.836051427717576985e+02
4.686642785530517585e+02
4.526799908687182210e+02
4.458638505310574942e+02
4.341825278626007503e+02
4.227685777875329336e+02
4.191035062861524239e+02
4.039442866250520296e+02
3.837652559591070940e+02
3.838816764103313517e+02
3.781937855691652999e+02
3.567240654996699050e+02
3.586449862468609808e+02
3.429471322069215944e+02
3.436202495253238567e+02
3.303205858327697797e+02
3.246170794625534199e+02
3.084769412438573681e+02
3.011311769878273594e+02
2.951665938156609741e+02
2.880736331587434051e+02
2.812594255520440356e+02
2.794254376660944672e+02
2.682620659126256442e+02
2.593659673744137990e+02
2.529517565090634434e+02
2.492616509712822221e+02
2.441457419140484149e+02
2.367923239907395327e+02
2.345252146997508191e+02
2.259881212925308773e+02
2.243491321239137903e+02
2.148261043702994471e+02
2.098558684516095241e+02
2.059582176154371211e+02
1.999304013519802652e+02
1.980227889670112233e+02
1.913551809634587357e+02
1.888147543415749965e+02
1.822709003252730042e+02
1.764263303790665418e+02
1.761270739277622681e+02
1.693509872134375200e+02
1.664204512105044387e+02
1.636236137346168960e+02
1.604398753986450288e+02
1.554760527772187402e+02
1.495489467336071243e+02
1.477948531700513968e+02
1.449067042781096006e+02
1.386657592631488001e+02
1.366554101584378316e+02
1.316236771037201265e+02
1.313088798290819739e+02
1.267478536965824389e+02
1.245532098800946130e+02
1.220716147178851969e+02
1.193384135531780430e+02
1.147478656386959130e+02
1.133745947930139835e+02
1.108793772220689533e+02
1.079996958388411770e+02
1.050138060248103358e+02
1.036172753169928029e+02
1.003709635618869527e+02
9.703417683506202707e+01
9.455788476046983249e+01
9.393845524522423318e+01
9.181151781384519950e+01
8.983215856719591841e+01
8.692575721636220010e+01
8.637404102329614375e+01
8.551137189553432449e+01
8.270509122192343909e+01
7.971394836986630139e+01
7.716555743915394316e+01
7.367842930730699891e+01
7.469579487213013635e+01
7.370918589430657164e+01
7.113561261599274133e+01
7.045710956058327668e+01
6.717435826895183482e+01
6.664496969455809960e+01
6.633063073086256622e+01
6.506885312027733903e+01
6.230751983424217855e+01
6.111035717143780488e+01
6.021411759337296132e+01
5.857816950967426095e+01
5.685466422985028601e+01
5.568222224031605094e+01
5.511899418086526481e+01
5.332997616886264325e+01
5.255571873912640513e+01
5.217252068535589160e+01
5.012663768781061435e+01
4.963168065750568303e+01
4.768675362680086494e+01
4.742614483966322325e+01
4.670436531682416614e+01
4.532971413175165765e+01
4.466890966010684139e+01
4.316532246127827932e+01
4.185467686169373991e+01
4.170057734051162868e+01
4.077020868230933814e+01
3.951611075285465091e+01
3.850529949977955368e+01
3.854296423193765975e+01
3.736829715869038182e+01
3.631122029177134891e+01
3.608048175274829106e+01
3.455302220897180376e+01
3.484725140624822615e+01
3.371074971537123588e+01
3.318802981942580743e+01
3.232283655267038114e+01
3.115388766223225048e+01
3.089259529822336248e+01
3.034207401466715481e+01
2.972777177892266565e+01
2.970849807754617444e+01
2.844978339954627700e+01
2.857337996377070155e+01
2.784098506295821451e+01
2.722217064586036628e+01
2.674106715827433689e+01
2.652113031276794430e+01
2.599935747789833584e+01
2.534451974000730701e+01
2.524461165957100661e+01
2.446129704122046178e+01
2.382138269454532065e+01
2.365527303565234263e+01
2.302687561366906266e+01
2.260755512503629561e+01
2.231126362080247461e+01
2.186732743416292379e+01
2.183690234720560142e+01
2.077922720695676873e+01
2.092667560405218552e+01
2.074563614461107974e+01
2.021626993884083134e+01
1.967923022607099881e+01
1.936194820322986487e+01
1.922705896319437002e+01
1.865659591491565195e+01
1.826685841422087009e+01
1.786788078486385700e+01
1.767315767306617857e+01
1.732935702203376493e+01
1.700436538242845330e+01
1.720527746501545963e+01
1.686012316518221965e+01
1.620554453248487548e+01
1.601799841798206359e+01
1.609015338341120227e+01
1.571347823882315353e+01
1.549205179163469737e+01
1.545424198452522013e+01
1.494235384366496078e+01
1.502726497544345463e+01
1.498002363453907115e+01
1.451977546336251734e+01
1.439719617833183030e+01
1.407933892983531088e+01
1.437506148088079172e+01
1.393415249702081482e+01
1.372367135967431651e+01
1.358462248720060472e+01
1.347303444809159068e+01
1.317072213713245432e+01
1.306707426597816912e+01
1.289303667398102604e+01
1.306717859607172372e+01
1.276901744658667504e+01
1.265932785486180912e+01
1.240246352247826067e+01
1.239387087543558508e+01
1.219153616172684984e+01
1.214195798077716049e+01
1.214702032245709162e+01
1.192677291475329149e+01
1.188972942103089636e+01
1.166196776936659418e+01
