1.008944431744023605e+05
7.972174028939974960e+04
9.241739568539548782e+04
8.218891284022397303e+04
7.789726117566217727e+04
8.205648242740557180e+04
9.101881908966800256e+04
9.115897774254248361e+04
9.237969244180251553e+04
9.062058510648817173e+04
8.955117941710406740e+04
9.143558020227117231e+04
9.090437457567636739e+04
9.165959188644442474e+04
8.243498437223707151e+04
8.399791809433438175e+04
8.678022527541147429e+04
8.728419014750685892e+04
8.884124373486873810e+04
9.063899012975193909e+04
9.125022895721117675e+04
8.775450564461873728e+04
8.833821005855224212e+04
9.408229752677929355e+04
8.733162660361737653e+04
9.006178500305220950e+04
8.099061222294397885e+04
8.851430766934182611e+04
8.733961944820676581e+04
9.350798695188525016e+04
9.062771183175603801e+04
8.572328782788442913e+04
8.565052630033087917e+04
9.037901390352938324e+04
8.375932835342679755e+04
9.054277084321426810e+04
8.622637742226492264e+04
8.407979593457464944e+04
8.893283988872051123e+04
8.745711057941788749e+04
8.622531469506853318e+04
8.572616305310497410e+04
8.748033004701540631e+04
8.331093252117610245e+04
8.851837694652620121e+04
8.405405524376353424e+04
9.123257688098883955e+04
8.602837825856826385e+04
8.408984896625779220e+04
8.854435729092541442e+04
8.905692437064550177e+04
8.695542880922090262e+04
8.823967947763099801e+04
9.035176700447966869e+04
8.597533086873081629e+04
9.104234884810865333e+04
8.306476144617464161e+04
8.620755282830729266e+04
8.804600439610096510e+04
8.788481156394662685e+04
8.498440658132292447e+04
8.698038765061623417e+04
8.546133244687903789e+04
8.728205870069262164e+04
8.652214793136740627e+04
8.705356151095448877e+04
8.524666729717454291e+04
9.016805686781785334e+04
8.785896835861397267e+04
8.576102711094122787e+04
8.960343503334143315e+04
8.793926305180744384e+04
8.515547595909090887e+04
8.485980819292734668e+04
9.138989234247615968e+04
8.494372688809747342e+04
8.571486279330775142e+04
8.723428773266987992e+04
8.735420997326629004e+04
9.093135184333979851e+04
8.740097185591539892e+04
8.727337076748616528e+04
8.795530432723581907e+04
8.780761796020047041e+04
8.782233342404539871e+04
8.673787549057348224e+04
8.748945542627360555e+04
8.490340080461904290e+04
9.056227069095699699e+04
8.741728766526078107e+04
8.610570748913040734e+04
8.647212165142982849e+04
8.826808586300550087e+04
8.964578698088051169e+04
8.612660462362697581e+04
8.766964856395628885e+04
8.614750796718461788e+04
9.004248005475311948e+04
8.840663376552776026e+04
8.735754135608029901e+04
8.536770727520897344e+04
8.804554259686042496e+04
8.804587017037054466e+04
8.620848907611917821e+04
8.962264329470570374e+04
8.649729233394097537e+04
8.588686080741943442e+04
8.532210073717327032e+04
8.979965646610742260e+04
8.936365895940149494e+04
8.752357362331270997e+04
8.748631303164210112e+04
8.734597588591379463e+04
8.717163345730920264e+04
8.669580729889517534e+04
8.707783160038659116e+04
8.688596691799374821e+04
8.846152285986361676e+04
8.653924108348200389e+04
8.545181967157754116e+04
8.686652731487466372e+04
8.562834041253544274e+04
8.571039782886749890e+04
8.861306075148622040e+04
8.924438061230766471e+04
8.878463055459267343e+04
9.043278814697412599e+04
8.760094266009025159e+04
8.697330352033679083e+04
8.633975447252541198e+04
8.590489941867403104e+04
8.648078657496799133e+04
8.659679838639090303e+04
8.839208190926471434e+04
8.780617496091373323e+04
8.966788026205073402e+04
8.938785759354707261e+04
8.779257553608031594e+04
8.517659217447863193e+04
8.811798674669861794e+04
8.877389871459112328e+04
8.899515821290129679e+04
8.712567965536810516e+04
8.540642491869507649e+04
8.947871295096981339e+04
8.748732568637806980e+04
8.570684146935548051e+04
8.691933262324841053e+04
8.679752153043214639e+04
8.743939035388788034e+04
8.769336693223379552e+04
8.589188313679955900e+04
8.701056460117449751e+04
8.684392411956089200e+04
8.865006875470998057e+04
8.537479128793368000e+04
8.587900309335756174e+04
8.604311128946069221e+04
8.375727613804499561e+04
8.838590181680426758e+04
8.837206484753810219e+04
8.721668174495783751e+04
8.736365113335390924e+04
8.817090691629926732e+04
8.779223139191645896e+04
8.772623973977338756e+04
8.704692786220635753e+04
8.664853343745389429e+04
8.603952788767429593e+04
8.962987989800002833e+04
8.665011303368725930e+04
8.620020410097038257e+04
8.614401061930181459e+04
8.830547812091177911e+04
8.647094898466333689e+04
8.755646041166973009e+04
8.696782212476465793e+04
8.852310456267751579e+04
8.776590271180470882e+04
8.815809711322610383e+04
8.686834514738569851e+04
8.822367066923907259e+04
8.684965955265617231e+04
8.691947889717621729e+04
8.743425254182412755e+04
8.879327397947134159e+04
8.906970261509541888e+04
8.761521293343936850e+04
8.664965327577486460e+04
9.013328381811981671e+04
8.665658643451325770e+04
8.782970153326819127e+04
8.852366304135434621e+04
8.734898973867138557e+04
8.743687993146874942e+04
8.634240937791166652e+04
8.694017408519145101e+04
8.906087968718537013e+04
8.807617893973019090e+04
8.721429743526304082e+04
8.711794694689338212e+04
8.975799370981997345e+04
8.677710872077816748e+04
8.731510777525030426e+04
8.713978382166883966e+04
8.776705568851747375e+04
8.926223931541375350e+04
8.857607598067060462e+04
8.663915032969281310e+04
8.558981661255008657e+04
8.573531029890410719e+04
8.712674687657694449e+04
8.639452515646017855e+04
8.599359017231457983e+04
8.893157640444286517e+04
8.773491780854054377e+04
8.713411249381578818e+04
8.713792044636145874e+04
8.868261623195765424e+04
8.770409086512411886e+04
8.811197153267878457e+04
8.762211960043113504e+04
8.842875849597560591e+04
8.844039396969610243e+04
8.769512260946445167e+04
8.763827408457081765e+04
8.676890687370578235e+04
8.628025553744222270e+04
8.676213056247806526e+04
8.636276398641847481e+04
8.763089697431511013e+04
8.749763167664813227e+04
8.752671182767764549e+04
8.744315471091719519e+04
8.789707004993500595e+04
8.842692691749481310e+04
8.740720661882664717e+04
8.714104085032021976e+04
8.755680492872426112e+04
8.655765094402097748e+04
8.590733327197469771e+04
8.622298589537027874e+04
8.612162101187629742e+04
8.632268383551883744e+04
8.848998141511608264e+04
8.705251599698179052e+04
8.635234688381590240e+04
8.552048467956684181e+04
8.622549460998745053e+04
8.833207455352228135e+04
8.844143408081334201e+04
8.678870834960104548e+04
8.741002569571304775e+04
8.767102195432443114e+04
8.854093284227917320e+04
