1.635760675734313130e+08
1.665207557909765244e+08
1.546468960864664912e+08
1.241109516832456142e+08
1.190434586974773854e+08
1.100064966542520970e+08
9.823158815251901746e+07
8.376811017556372285e+07
7.266908395191267133e+07
5.589314750391060114e+07
4.569274829989895970e+07
3.850964971400685608e+07
3.022203116516857222e+07
2.400677964387443662e+07
1.791074189470210299e+07
1.381896859398514964e+07
1.097750774478766695e+07
9.300912692107150331e+06
6.821011744259705767e+06
5.490990987420799211e+06
4.529050496444251388e+06
3.696639126253773458e+06
3.236679102603444830e+06
2.617676469918559305e+06
2.242001878754074685e+06
1.773654176427689614e+06
1.565656547723765718e+06
1.441258849918500055e+06
1.276794583040920552e+06
1.201549857836070005e+06
1.031442354652601993e+06
9.521459680797196925e+05
8.309179868725702399e+05
8.476285666315397248e+05
6.741737959612315753e+05
6.915112830421545077e+05
6.052278281061478192e+05
5.655705732930819504e+05
4.908149795248063165e+05
4.895474503034116933e+05
4.093875057870011078e+05
3.960599724818501854e+05
3.549526430340984953e+05
3.295822093065982335e+05
2.969303656080894871e+05
2.740682721390613005e+05
2.701830875332459109e+05
2.409912935977784800e+05
2.137378739546665456e+05
1.992943048624139046e+05
1.832861890896972327e+05
1.680507630814164004e+05
1.597085725774336024e+05
1.485729169972770032e+05
1.290285377489105304e+05
1.261392271610393364e+05
1.126589420151674130e+05
1.092656251653869404e+05
9.773477882322360529e+04
9.140451695531718724e+04
8.530023583199539280e+04
7.975592782394363894e+04
7.373375925477946294e+04
6.660220465767991845e+04
6.427957076545055315e+04
5.962833442795187148e+04
5.678592206483807968e+04
5.221284483567067946e+04
4.819377065089425014e+04
4.539826798835281079e+04
4.261989403766638134e+04
3.939584017312924698e+04
3.650523216729493288e+04
3.511353230079470086e+04
3.260782196166220820e+04
3.104352491023494440e+04
2.797117308250425776e+04
2.703012403131040628e+04
2.353128557492606342e+04
2.372827179913893997e+04
2.073815919637463958e+04
1.976820715059534268e+04
1.899473884362605168e+04
1.779100924293417120e+04
1.654677526220077198e+04
1.557123435024631908e+04
1.465678758035649662e+04
1.383936284221515598e+04
1.310295569424837049e+04
1.211454233815427324e+04
1.133842772485246132e+04
1.095116674006878202e+04
1.001748507441215406e+04
9.206426538042233005e+03
8.707450625793855579e+03
8.091410663069519615e+03
7.749212310964229800e+03
7.416096176128407933e+03
7.055128810802903899e+03
6.724929491251326908e+03
6.275443632483512374e+03
5.725369027301066126e+03
5.518178082803563484e+03
5.022288363071440472e+03
4.859375221922195124e+03
4.554509480733232522e+03
4.380858220088213784e+03
3.986728329135352396e+03
3.800116044181077996e+03
3.519121538958405836e+03
3.413570820756607191e+03
3.168443755204386434e+03
3.080888468935867877e+03
2.830512204096542973e+03
2.624194335554707322e+03
2.473426481159533523e+03
2.414713505100169186e+03
2.324253966225706790e+03
2.084934269996506373e+03
1.977452844840515581e+03
1.892245401047217911e+03
1.851155327008881841e+03
1.705808421659993201e+03
1.643364272556564856e+03
1.485259882703971016e+03
1.468544487405404425e+03
1.358022742734065787e+03
1.299642561540748375e+03
1.228949763374974509e+03
1.161454727543924946e+03
1.078255715744368899e+03
1.018809855725071202e+03
9.527162355386902846e+02
9.320382274853942590e+02
8.644611153822264669e+02
8.278301310103940978e+02
7.608849489340266246e+02
7.512417653646614326e+02
7.092921931555245010e+02
6.422658873226911282e+02
6.444518504635738054e+02
5.946707610075048933e+02
5.634064185796989932e+02
5.273182319826456705e+02
5.107827187705200345e+02
4.771897001411218184e+02
4.567663656689474010e+02
4.312364090651813058e+02
3.993242018573150176e+02
3.862689478041970119e+02
3.650236505980179800e+02
3.461701246093397231e+02
3.299964325326812968e+02
3.067450229335473750e+02
3.024572047925198603e+02
2.928291482628289373e+02
2.738455169658862474e+02
2.576848735811606161e+02
2.443180143168614791e+02
2.310099644853166296e+02
2.157388762871848087e+02
2.052443225859122435e+02
1.981814398628989125e+02
1.826062826337565639e+02
1.789816161720357854e+02
1.711109174088577447e+02
1.607884539907739736e+02
1.507675676989039459e+02
1.435897579463124316e+02
1.394952300792257063e+02
1.304924940884478417e+02
1.243605379545788310e+02
1.215204355853847744e+02
1.100420222097915257e+02
1.083757608128552192e+02
1.030702437549252437e+02
9.857654969494416264e+01
9.141768310236957973e+01
9.017707631014441461e+01
8.475727207213326153e+01
8.313717087479308532e+01
7.538884774456462878e+01
7.255800560712330594e+01
6.971199607997604630e+01
6.623017001843967932e+01
6.238611383259628695e+01
6.123721204505018534e+01
5.771759075171862463e+01
5.505453678787064575e+01
5.195963020625665507e+01
4.889969176195290856e+01
4.816223971718306984e+01
4.369948571396791692e+01
4.459332021609453989e+01
4.129137353273951305e+01
3.923835091139999776e+01
3.829143121672249350e+01
3.586478071362652287e+01
3.418098691527398358e+01
3.283905828763833767e+01
3.142356092438250315e+01
3.090441429954675101e+01
2.802962444381956431e+01
2.721513528204783938e+01
2.615720692240041245e+01
2.487003075146461128e+01
2.332369337094602457e+01
2.277696484780395281e+01
2.206902589466300313e+01
2.099180218295773770e+01
2.019476382189664676e+01
1.910882277573337618e+01
1.845791878445447765e+01
1.749529737717651656e+01
1.700888201424135815e+01
1.594124612935232221e+01
1.538627707172298109e+01
1.497379725278683793e+01
1.436958208351909505e+01
1.369230438814412665e+01
1.317098286710441002e+01
1.278839642276800426e+01
1.197485940619419864e+01
1.196533579534625780e+01
1.127473833088950883e+01
1.092824758644912997e+01
1.034196138576559676e+01
1.020391744952682345e+01
9.834134254127352648e+00
9.386603628493270790e+00
9.102821732606239280e+00
8.689199797221359489e+00
8.542561707138528249e+00
8.044966307001084616e+00
7.904702866547208551e+00
7.673404003012457508e+00
7.420057670809397266e+00
7.133646893250135790e+00
6.825839890874171090e+00
6.774400110347767345e+00
6.411575973077738411e+00
6.394485118103214738e+00
6.180574365317074381e+00
6.017715853479394639e+00
5.820765693510108640e+00
5.542083591916201257e+00
5.514172740569158293e+00
5.465125642649208082e+00
5.249051737527199002e+00
5.173033958411311417e+00
4.945592090016977416e+00
5.140693140614496670e+00
4.827093062523607259e+00
4.826785983731886276e+00
4.784543636197970962e+00
