4.181561849389489889e+08
3.935566453662580252e+08
3.377036198135822415e+08
2.402756404690911174e+08
2.022772098628464937e+08
1.607925471842345595e+08
1.152600638219960183e+08
7.639593250679153204e+07
5.608538128832789510e+07
3.359555188797083497e+07
2.454343568686320633e+07
1.788198058179227263e+07
1.224685843379113823e+07
9.571083013887315989e+06
6.610877268973333761e+06
5.579350574182539247e+06
4.361602557532962412e+06
3.875312381297402084e+06
3.212444898342549801e+06
2.730965153828019742e+06
2.333635345079366118e+06
2.113493705032142811e+06
1.818770379866522504e+06
1.583377398606700357e+06
1.421675936364431167e+06
1.229069575085861376e+06
1.179012269631444942e+06
9.973545100929646287e+05
9.032214759831812698e+05
8.385593651545037283e+05
7.511227005048202118e+05
6.568616763063936960e+05
5.528308551107730018e+05
5.071118919589744764e+05
4.731308864197531948e+05
4.197208525347028626e+05
3.968337437637170078e+05
3.580006355557761854e+05
3.378738544877914828e+05
2.888713084783944068e+05
2.612225733279148990e+05
2.297825141280977987e+05
2.138326955910044780e+05
2.084407048621758295e+05
1.831860260476714175e+05
1.689411814618358039e+05
1.636644370262934535e+05
1.452462525212057226e+05
1.322714666840341524e+05
1.198637581473395403e+05
1.127540734024305857e+05
1.046318030841530854e+05
9.347784096113544365e+04
9.035601379780772550e+04
8.542847727246294380e+04
7.696922637793884496e+04
6.977297681323712459e+04
6.463538259737533372e+04
6.173343367314777424e+04
5.615596329887225147e+04
5.174455905555881327e+04
4.909304093495766574e+04
4.463034150584333111e+04
4.405201336890611128e+04
4.163798052764510794e+04
3.717486585185366857e+04
3.524307715675668442e+04
3.149047659806535739e+04
3.030488309724842475e+04
2.698406508780995500e+04
2.584713188140461352e+04
2.501461360488946957e+04
2.283084376599558163e+04
2.206682183921209071e+04
2.017867592943176714e+04
1.903651179730906006e+04
1.665309813169167683e+04
1.591447096758576845e+04
1.526050241656276376e+04
1.422393391445854286e+04
1.322540218518033726e+04
1.232316168301037578e+04
1.160630502094162330e+04
1.056429039743730027e+04
1.008294471881662139e+04
9.783336206466607109e+03
9.129582881298041684e+03
8.711250606041394349e+03
8.148434470065823916e+03
7.496225391715861406e+03
7.047457477284548986e+03
6.699665413763990728e+03
6.334300675586425314e+03
5.855106674614385156e+03
5.495026530652820838e+03
5.169814270492270225e+03
4.939618627029030904e+03
4.642388745169765571e+03
4.446304248513515631e+03
4.068367146810376198e+03
3.873188880582131787e+03
3.556416160764243159e+03
3.365489194559532734e+03
3.199818757017760618e+03
3.017021706253395678e+03
2.723206911677633798e+03
2.697057396969908950e+03
2.464808489866521086e+03
2.434655019334342796e+03
2.236907625277547595e+03
2.057470313769125823e+03
1.946353982006525257e+03
1.925838380269817662e+03
1.766637475554272214e+03
1.669435661082777642e+03
1.611396001842756277e+03
1.487744750342957786e+03
1.455729212157434176e+03
1.315862781630384688e+03
1.247804150449424696e+03
1.196638075362659492e+03
1.111654279424459219e+03
1.055749996691148681e+03
9.838462418437356973e+02
9.453194462372164253e+02
8.954976099740440532e+02
8.702822028462896924e+02
7.833761018760583283e+02
7.761006752566806881e+02
7.137192548590874139e+02
6.710848572676660524e+02
6.443672904104487316e+02
5.973102703870628147e+02
5.921673176857309500e+02
5.348462037902501152e+02
5.021111811931415332e+02
4.857089015126242657e+02
4.592500634468732414e+02
4.427647232906371073e+02
4.148675758926539743e+02
4.022864159357455947e+02
3.677940262370821642e+02
3.530238300995218879e+02
3.285277767861890084e+02
3.160258623109431255e+02
2.937361674469506170e+02
2.834218365160905932e+02
2.744501480187791458e+02
2.563170427117100871e+02
2.408416736438744010e+02
2.294769965976925903e+02
2.146606994794337879e+02
2.054130405229294922e+02
1.979397104042467959e+02
1.902464099729711791e+02
1.772016094415810699e+02
1.693245642210356436e+02
1.548430108643811423e+02
1.473397037820695061e+02
1.475311817207561376e+02
1.349945803134123992e+02
1.302942061855320333e+02
1.241674821833507849e+02
1.163948601182142539e+02
1.115748824350221469e+02
1.071021411835629067e+02
1.002319923682031799e+02
9.608135591932872899e+01
8.945444717734488904e+01
8.676547125585406661e+01
8.148607076304249119e+01
7.980496585829659750e+01
7.345531902163861560e+01
7.194402975214808293e+01
6.767139335223794205e+01
6.364906480295225322e+01
6.175281938169098339e+01
5.681671999656879279e+01
5.514202069761307712e+01
5.334492340222402618e+01
5.044452172663731915e+01
4.781477929941478067e+01
4.484135596168660243e+01
4.334101718901626299e+01
4.059159621053736089e+01
4.000786986802702927e+01
3.906479912873192717e+01
3.583741534423812425e+01
3.398002591959490815e+01
3.265865194275774286e+01
3.123636484032297034e+01
3.014812676933951963e+01
2.790989881239785930e+01
2.680765206416718271e+01
2.619525326398160558e+01
2.457926421967046338e+01
2.360174888321213160e+01
2.241694208809118294e+01
2.154853369222384174e+01
2.035407771543035693e+01
1.986419711726388471e+01
1.918731810347682654e+01
1.741021161365187808e+01
1.723947856744655027e+01
1.631596634356634823e+01
1.574494972467967990e+01
1.524019833782356770e+01
1.416056027751671209e+01
1.393751537341631241e+01
1.319023008543268460e+01
1.266966619976280839e+01
1.209141369989259296e+01
1.154364648330745347e+01
1.117979119551815081e+01
1.078451767843508868e+01
1.020666436295663360e+01
9.670004477251165298e+00
9.216593573091312663e+00
9.231185196867667031e+00
8.706073283761831760e+00
8.449350333228318632e+00
8.001024775186730054e+00
7.821465312414315640e+00
7.307561063821340852e+00
7.131534873312327605e+00
6.838662890102577663e+00
6.425499786786690315e+00
6.371706960802039355e+00
6.006556210999283607e+00
5.938076962309917661e+00
5.630986524876168353e+00
5.591644850980227233e+00
5.319094711346187054e+00
4.919439451054033796e+00
5.027208114575648423e+00
4.756578664932371581e+00
4.675807672917010827e+00
4.569435390527315732e+00
4.401392059737321283e+00
4.363164303103171271e+00
3.998582989441528124e+00
4.031398278268081725e+00
3.864854932766051299e+00
3.807538019242989069e+00
3.740389639010968548e+00
3.553670687229612213e+00
3.414713774176942884e+00
3.421858798864864326e+00
3.307296586830431373e+00
3.273371519299151711e+00
3.191309822957117959e+00
3.228051650652033366e+00
3.154121938481469378e+00
3.032103821184214620e+00
3.044987669366529648e+00
