3.709474927423744798e+08
4.225143632467972636e+08
3.989367570737210512e+08
3.849047070275602937e+08
4.194007377849679589e+08
4.453189846075382233e+08
4.162213766112173796e+08
3.705202083969485164e+08
3.754713459890757799e+08
3.375442637412420511e+08
3.342139106943933368e+08
3.006408982616778016e+08
3.025238799078917503e+08
2.907765982041457891e+08
2.713991324536668062e+08
2.545794986921609342e+08
2.560523128131316602e+08
2.452531120232295990e+08
2.075358166935600638e+08
2.067333468429684639e+08
1.932846473424091935e+08
1.777269166486670375e+08
1.720367216363235414e+08
1.541615015625330210e+08
1.461689773693722188e+08
1.330082615843995810e+08
1.356725057215858996e+08
1.218830325295825005e+08
1.072611188709934950e+08
9.687640748086051643e+07
9.015995149408784509e+07
8.801781572932733595e+07
7.960047638176974654e+07
6.803428502323773503e+07
6.410682575996242464e+07
5.693544898456789553e+07
5.091639946400697529e+07
4.809107762019576132e+07
4.612902029412843287e+07
4.034979090456546098e+07
3.507659465008600801e+07
3.256610378201188520e+07
2.905108251803753525e+07
2.741983633001689985e+07
2.320369466444424540e+07
2.272953708565031365e+07
1.917183641051305458e+07
1.891725721304082870e+07
1.719499377446912974e+07
1.533372995538798906e+07
1.387643744847724400e+07
1.266796774752582982e+07
1.160773534179991111e+07
1.053083799984965846e+07
9.681516551734549925e+06
9.102277103352857754e+06
7.891606534545250237e+06
7.408024129647816531e+06
6.951106702172604389e+06
6.508561947911193594e+06
5.956788807166830637e+06
5.805886022659152746e+06
5.282630785759476945e+06
5.022613035023842007e+06
4.741901804311679676e+06
4.469959580325643532e+06
4.172661098692550324e+06
3.847852645117566921e+06
3.813022044975122903e+06
3.478901385671337601e+06
3.252995009918623604e+06
3.169589128713028040e+06
3.137433233047535177e+06
2.867365757623695303e+06
2.760691709318985697e+06
2.654742409477905836e+06
2.478740020081733819e+06
2.399334534865086433e+06
2.295977799526791088e+06
2.229131624510874506e+06
2.054459075217170175e+06
2.048250063603414921e+06
1.974258330345729832e+06
1.826468481240350055e+06
1.803285095238808077e+06
1.725351313603377668e+06
1.689950944364652503e+06
1.533626771428588079e+06
1.526444687213832047e+06
1.475865234708820935e+06
1.422308497942936607e+06
1.357364808728697244e+06
1.290180413678757381e+06
1.281097781971231569e+06
1.172125081863421248e+06
1.201197512634467101e+06
1.130835726718802005e+06
1.109641977656855481e+06
1.058775751727754716e+06
9.963583620364733506e+05
9.881218734718041960e+05
9.444033562950302148e+05
8.780890300051715458e+05
8.687980647914182628e+05
8.261728571847917046e+05
7.964179004950552480e+05
7.821255361919037532e+05
7.483544483664970612e+05
7.312115041491839802e+05
7.049751080471246969e+05
6.730156616636759136e+05
6.387607021634678822e+05
6.290629847904013004e+05
6.027461156298570568e+05
5.764563722772873007e+05
5.389138679120370653e+05
5.357524836999367690e+05
5.179949256942568463e+05
5.051414145168654504e+05
4.726342629877201980e+05
4.579049807101022452e+05
4.534851638834350742e+05
4.337697276068446226e+05
4.188811637092636665e+05
3.927053796221373486e+05
4.003923242681865813e+05
3.826757040643958026e+05
3.770521971615194343e+05
3.494532895609487896e+05
3.319300574649364571e+05
3.274535879774989444e+05
3.037170967506609741e+05
3.090279026066414081e+05
2.922528840866720420e+05
2.797352874307720340e+05
2.736453415656349971e+05
2.530675137002776028e+05
2.452515584470503964e+05
2.460963199165207916e+05
2.300833638291733805e+05
2.323643634041350451e+05
2.242144885915448831e+05
2.115800336424401612e+05
2.007888379709004948e+05
1.979004330202948768e+05
1.925538055230675382e+05
1.851115752925075358e+05
1.810775311153474322e+05
1.711899138639504090e+05
1.632585470822623465e+05
1.618170995547719358e+05
1.549564140593500051e+05
1.551482372858053714e+05
1.454401717679938301e+05
1.484679337480646209e+05
1.373741539169811003e+05
1.351025620053785387e+05
1.288519125056103803e+05
1.250602150075021636e+05
1.185397120598285983e+05
1.163166392120304954e+05
1.121681038291355071e+05
1.058982429414302751e+05
1.033258366468061722e+05
1.006272702396979876e+05
9.787822471398983907e+04
9.690847141471465875e+04
9.301343980825183098e+04
8.980079399370780447e+04
8.807638125165997189e+04
8.268599956488862517e+04
7.875121895273828704e+04
7.868250620616943343e+04
7.767004454038137919e+04
7.287860570157220354e+04
7.125044879060272069e+04
6.908996289625143982e+04
6.730132265430878033e+04
6.571241141850429995e+04
6.421010946587568469e+04
6.134047980807627027e+04
5.963025983454801462e+04
5.605992199905231973e+04
5.509512289427069481e+04
5.410572881414937729e+04
5.067581719310271001e+04
4.937851560999624053e+04
4.879696754686821077e+04
4.659989341175807931e+04
4.506480780770254933e+04
4.406116069946474454e+04
4.304402873881230335e+04
4.157773465704481350e+04
4.052162244955498318e+04
3.887947034409465414e+04
3.820185431371029699e+04
3.720937320642006671e+04
3.571181100061668258e+04
3.571300708907971421e+04
3.350674707977787330e+04
3.293442403112801549e+04
3.202483641393558355e+04
3.066494465564069833e+04
2.960926789509349692e+04
2.866988831617348478e+04
2.767103020731996367e+04
2.703448224341790046e+04
2.692374672229372663e+04
2.544501364573566752e+04
2.473849950044594152e+04
2.421737032854215067e+04
2.347296230560496770e+04
2.230521440686195274e+04
2.193763239743051599e+04
2.105860833342119804e+04
2.080305658452822900e+04
2.008669863570893722e+04
1.909867893627726880e+04
1.850345020411589576e+04
1.821747021295333252e+04
1.760375907941012338e+04
1.774954446893597560e+04
1.669163480096583953e+04
1.652986615507887473e+04
1.620501877304020491e+04
1.572588890106628605e+04
1.539877186118013014e+04
1.461628474934145925e+04
1.411257267095523639e+04
1.366112551559050007e+04
1.335517779297179368e+04
1.307811412222908621e+04
1.273646587329635440e+04
1.228060250424771948e+04
1.199879325024189893e+04
1.173073211757490390e+04
1.137520897810745555e+04
1.079019904459280224e+04
1.058546583959768213e+04
1.068061148938486258e+04
1.005256852179491761e+04
9.767331969060856864e+03
9.498274039173707934e+03
9.144731274808180387e+03
9.008007187502356828e+03
8.568184786379522848e+03
8.561442209317187007e+03
8.180116719050082793e+03
7.879404824885439666e+03
7.901749898903653957e+03
7.589864867870610396e+03
7.483685704870837981e+03
7.215621207710149974e+03
6.909523232858421579e+03
6.828564813194883754e+03
6.501793511774374565e+03
6.412291530102585966e+03
6.210931914094938293e+03
6.124868711454778349e+03
5.841026446747695445e+03
5.762711559721353296e+03
5.555178292002943635e+03
5.383993030756570079e+03
5.248149104622230880e+03
5.165192064502678477e+03
4.934283326490802210e+03
4.775752897570887399e+03
4.784702004801839394e+03
4.602142803433139306e+03
4.427163553933129151e+03
4.383859100488300101e+03
4.209606357721668246e+03
4.062740771683647381e+03
4.050546923240541219e+03
3.899460336367560558e+03
3.721015940801374200e+03
3.641344833614029540e+03
3.606343396259396286e+03
3.454827498898123395e+03
3.381486160662410839e+03
3.307032135596091393e+03
3.205473280970552423e+03
3.123701296126526813e+03
3.062710781904160285e+03
2.939866827575905063e+03
2.881881517365813124e+03
2.767961813497865478e+03
2.767792288591927445e+03
2.648652598802472312e+03
2.648077042795094712e+03
2.573703036974856332e+03
2.456885305652531770e+03
2.398686968586196144e+03
2.320782509989733626e+03
2.234823648633558605e+03
2.196973400109211525e+03
2.158680355299235543e+03
2.109541825746459835e+03
2.026412901918593434e+03
2.001545031184448817e+03
1.915669934397080851e+03
1.858497908037381421e+03
1.806753385338610315e+03
1.776834581911217811e+03
1.718828055165335627e+03
1.691907470127765237e+03
1.650428197966490188e+03
1.585100050060234935e+03
1.551175926232068605e+03
1.548722313211593928e+03
1.502973256868961244e+03
1.440981075012506153e+03
1.398212971952720636e+03
1.374475223640808053e+03
1.352810522756694354e+03
1.315817683108263282e+03
1.273288668740680805e+03
1.224125775769489564e+03
1.211342959934123201e+03
1.212957914753596924e+03
1.155928741787591662e+03
1.097667789190128588e+03
1.082650933607194474e+03
1.065320110363744789e+03
1.036533375185216300e+03
9.984663258634600425e+02
9.702479860470779158e+02
9.431611013033507334e+02
9.406376758590351983e+02
9.198299380403090026e+02
8.904937965336408752e+02
8.692377243569713983e+02
8.332494317532502919e+02
8.139152002135782595e+02
7.817956233301363227e+02
7.711522132507645892e+02
7.572026892872313510e+02
7.318823731842276175e+02
7.431919847134917063e+02
7.077203523578640443e+02
6.912852660065509554e+02
6.648355970796817473e+02
6.634078762533565623e+02
6.436237153230465537e+02
6.219420333404966641e+02
6.123150883577459354e+02
5.956537920819549754e+02
5.733226520408555871e+02
5.644024649893971173e+02
5.435092827382184169e+02
5.299765847934475005e+02
5.193553994213798433e+02
5.122833164149435561e+02
5.007460110482731466e+02
4.856619263556414126e+02
4.799213461997754848e+02
4.640072836132159750e+02
4.552814452541034598e+02
4.401410875232481885e+02
4.217551086003429077e+02
4.250508878168767524e+02
4.081356794270367345e+02
3.989700161398156979e+02
3.801739156387065464e+02
3.808342997561894663e+02
3.751178340981108477e+02
3.723736828783280544e+02
3.475171026428274672e+02
3.417534575270661321e+02
3.417508509906666632e+02
3.305338428187181989e+02
3.219646186092896869e+02
3.110071958460953851e+02
3.032623532397470285e+02
2.983241651777251491e+02
2.892899877851695578e+02
2.855701218099743528e+02
2.806039496035992897e+02
2.726218855381865751e+02
2.643477883766335026e+02
2.591584612047142286e+02
2.506337964388322632e+02
2.447828625362292883e+02
2.410028803667052557e+02
2.346356254964181574e+02
2.308328154052105674e+02
2.239384503919294787e+02
2.180892331933804940e+02
2.153822501151396978e+02
2.104677939815467766e+02
2.022252133945182493e+02
1.996966044963940874e+02
1.975523060182540007e+02
1.906970326708449761e+02
1.877793883358477558e+02
1.814038625383873864e+02
1.811037461761125655e+02
1.714829895280490746e+02
1.689800798781350863e+02
1.652911970671050881e+02
1.636227593214957210e+02
1.607765504629216480e+02
1.542738071634837524e+02
1.508300753246501245e+02
1.496044739895794748e+02
1.446944734273880044e+02
1.419406057177266689e+02
1.382305005548036831e+02
1.344149129225309593e+02
1.316795632847517084e+02
1.271369569683680538e+02
1.261596213519117384e+02
1.238711255329447738e+02
1.199727835720662341e+02
1.179188296004986540e+02
1.165007513209872485e+02
1.117250527846528882e+02
1.112173157129308265e+02
1.108495834727078062e+02
1.063863691236999074e+02
1.046498026699158288e+02
1.011574721487907453e+02
9.947607765468261221e+01
9.688450966446980317e+01
9.481943758742536943e+01
9.372615342082802670e+01
9.230293173559842046e+01
8.835094703194616272e+01
8.668779119093112229e+01
8.586407732987285613e+01
8.298703703389298880e+01
8.222248288871239197e+01
8.195419690093220311e+01
7.852980366206085705e+01
7.717839757248137289e+01
7.525360757105633525e+01
7.408311235785680537e+01
7.278616930607122981e+01
7.055953154708348052e+01
6.870269868549719661e+01
6.801289340125374849e+01
6.703728406517294047e+01
6.587277301622874859e+01
6.341180851023258214e+01
6.412713411763249383e+01
6.105355611085762035e+01
6.059257455047547580e+01
6.048029766242950700e+01
5.594437828081087360e+01
5.704936058239635344e+01
5.561589773379942159e+01
5.450263385593622445e+01
5.287795887181545140e+01
5.327761764215463103e+01
5.201128135672222186e+01
5.097807280612634884e+01
4.958061658232219315e+01
4.996969780500471359e+01
4.778482573952631896e+01
4.716542209246481576e+01
4.464155935001508624e+01
4.605229252410718033e+01
4.523641498911274539e+01
4.461377315184809333e+01
4.329541682483867504e+01
4.173716992355156208e+01
4.191219909126731125e+01
4.066218875319252390e+01
4.024670239630351176e+01
3.920135526284439464e+01
3.785972044392021019e+01
3.842434163122693036e+01
3.720756383653416322e+01
3.698415772612599284e+01
3.626052848443985965e+01
3.608041578995442222e+01
3.520752107175491119e+01
3.420527386276677362e+01
3.382764089494196469e+01
3.304514559591846279e+01
3.344057508359576758e+01
3.269493112656234501e+01
3.185118872884079977e+01
3.174809840075867484e+01
3.098458428802619480e+01
3.097589496412565424e+01
3.003328138407520242e+01
3.029623939490672768e+01
2.963237511462436302e+01
2.901428350088231056e+01
2.867979325572259697e+01
2.848895378540970569e+01
2.745571532150833605e+01
2.812199977341613888e+01
2.732437425738394410e+01
2.722940030328258132e+01
2.661349661224347329e+01
2.612955989108889909e+01
2.600852930188736423e+01
2.552146612664813929e+01
2.541714521129528137e+01
2.531925629434042690e+01
2.581942832911094499e+01
2.448546768594650658e+01
2.486332446497615223e+01
2.463990060005635740e+01
2.381537239045176335e+01
2.415461899826889436e+01
2.357849297525650201e+01
2.345788545541162406e+01
2.352696640935681671e+01
