1.608652116806935072e+08
1.620871913615249097e+08
1.619991216391072571e+08
1.640209918741860092e+08
1.697913897159317136e+08
1.877465115111059546e+08
1.663293024548707604e+08
1.540068786975605786e+08
1.623845406765348315e+08
1.466320354604725838e+08
1.498560907507158816e+08
1.290693316405507028e+08
1.421602452726822495e+08
1.414090626322391331e+08
1.324097400015039444e+08
1.297882474853128940e+08
1.292523765115802735e+08
1.315793191653039455e+08
1.147528982716820985e+08
1.190422175948870182e+08
1.118203017459845096e+08
1.070995089832929522e+08
1.104765235146407783e+08
1.024235110631106347e+08
1.006251477741781473e+08
9.450345746043328941e+07
1.033813214673254043e+08
9.283771300136896968e+07
8.621939037192495167e+07
8.269508124879115820e+07
7.838222794047972560e+07
8.063961285406230390e+07
7.849249466923560202e+07
7.024208434645143151e+07
6.874454688394464552e+07
6.702559414798222482e+07
6.153166789545438439e+07
5.890042659203946590e+07
5.894384595980937779e+07
5.594938880893188715e+07
5.277028820867551863e+07
5.012209107754068077e+07
4.583361032389505953e+07
4.555772869039703906e+07
4.070765075511435419e+07
4.212926053232986480e+07
3.616606797731279582e+07
3.623213378376884013e+07
3.448667916181069613e+07
3.412504358807320148e+07
3.050379788180894777e+07
2.969775940433882549e+07
2.683336255511497334e+07
2.509208021759852022e+07
2.384772447000018135e+07
2.343271620851191878e+07
2.161297308245348185e+07
1.983713549574679136e+07
1.800918557729345933e+07
1.744179533103315905e+07
1.693576150789944082e+07
1.446025711992646381e+07
1.449583711153937876e+07
1.364789194241516851e+07
1.221989586361502483e+07
1.225899463521972857e+07
1.085258360268256813e+07
1.029530869177229330e+07
9.768359174535367638e+06
8.883270407172136009e+06
8.553805719729829580e+06
8.003378365552507341e+06
7.423840829286406748e+06
6.967548526571152732e+06
6.545428664635960944e+06
6.145168713514539413e+06
6.016199184274584986e+06
5.468010098655896261e+06
4.981779984998844564e+06
4.764763353645377792e+06
4.533988316755970940e+06
4.140836543935267720e+06
4.052913343115502503e+06
3.794347148608255200e+06
3.411561961443208158e+06
3.394492800524045713e+06
3.132187219921468291e+06
3.020762598670309409e+06
2.783181917344150599e+06
2.555128646986311767e+06
2.495741662946990225e+06
2.351459772563798819e+06
2.156653205592780374e+06
2.141413357131285127e+06
1.963677352316904813e+06
1.951135983707594918e+06
1.728579791850110050e+06
1.702804612791477237e+06
1.676893350070222281e+06
1.614599965887214523e+06
1.490147745581339812e+06
1.414388947528768796e+06
1.344054269123535138e+06
1.306717570996671449e+06
1.213748785979342647e+06
1.186618677195686614e+06
1.141189300982905552e+06
1.086697791440655012e+06
1.049995121883276384e+06
1.014087360626492882e+06
1.008842266709173680e+06
9.203827047535808524e+05
9.140205846024870407e+05
8.888518206267606001e+05
8.440438738779581618e+05
7.707347841399416793e+05
7.704330632469324628e+05
7.430581611188319512e+05
7.359150233976456802e+05
6.994724652969732415e+05
6.792573696088679135e+05
6.320693311026147567e+05
6.222562453535890672e+05
5.973878867831488606e+05
5.813323874495080672e+05
5.549022989975392120e+05
5.223112051167533500e+05
5.303265104250203585e+05
5.032494901328135165e+05
5.003966974242621800e+05
4.697272271316655679e+05
4.611123991662954213e+05
4.364786717512075556e+05
4.189761565929278731e+05
4.205684734723349102e+05
4.105974945484311320e+05
3.887889325537899858e+05
3.681054800827414729e+05
3.637986241244817502e+05
3.448626687090859050e+05
3.358341868140093284e+05
3.316987009452630882e+05
3.249921253729122109e+05
3.132876311414017109e+05
2.995077629985996173e+05
2.980003504462854471e+05
2.776227470834812848e+05
2.735097995825255639e+05
2.647633009998851921e+05
2.531795584200800513e+05
2.457421331132902415e+05
2.455488549326328503e+05
2.307434988184840477e+05
2.250241953402591753e+05
2.142906528643697966e+05
2.065018214185474499e+05
2.092972767577182385e+05
1.973549186991223833e+05
1.962655896747474908e+05
1.884074978592960979e+05
1.825796718732180598e+05
1.751219375702963735e+05
1.717793483606760856e+05
1.660667150345517730e+05
1.598520568774126878e+05
1.579590566474601219e+05
1.502560731379007048e+05
1.430195985961374827e+05
1.432719275354406273e+05
1.367307570531589445e+05
1.318051496076585026e+05
1.274195595652766788e+05
1.249732551744875527e+05
1.184521712689459382e+05
1.170807874081536866e+05
1.123669015028106951e+05
1.101861525528772472e+05
1.067098863608341635e+05
1.023639442467829213e+05
9.952931555578777625e+04
9.874331595505913720e+04
9.341443674185735290e+04
8.955535698171312106e+04
8.747052547143405536e+04
8.574990568028744019e+04
8.240884095063089626e+04
8.024753193356232077e+04
7.817132538895760081e+04
7.380689657379160053e+04
7.368134896316351660e+04
7.187548593675214215e+04
6.705079071181619656e+04
6.666184548710116360e+04
6.452233739466096449e+04
6.505937736239885271e+04
6.074390032881054503e+04
5.941063447272847407e+04
5.838674826733537338e+04
5.444971711021013471e+04
5.380155964029248571e+04
5.267360716386680724e+04
5.139436102472873608e+04
4.944032542645478679e+04
4.826750259080748947e+04
4.597305190142823994e+04
4.538810645757565362e+04
4.291862494926552608e+04
4.209638532536241109e+04
4.188560763758172106e+04
3.977797578562435228e+04
3.793326864051858138e+04
3.622426100766561285e+04
3.604028350018122001e+04
3.453287570470807987e+04
3.413629180595256912e+04
3.292115886172938917e+04
3.176814730724791298e+04
3.104401108101095451e+04
3.010447975660404700e+04
2.893494074327157068e+04
2.830499934569955803e+04
2.747798459482020553e+04
2.692701912065335273e+04
2.613192358926661473e+04
2.551555903693014625e+04
2.505193303047897280e+04
2.458384665042956112e+04
2.362002972641270026e+04
2.250480269423977370e+04
2.168024471068120693e+04
2.142227253254713287e+04
2.045802239082896267e+04
2.008715546369633375e+04
1.929627953438862460e+04
1.850836960170124803e+04
1.869878837824181028e+04
1.771931412428507247e+04
1.728752272874768096e+04
1.668008998458311180e+04
1.626549303135627997e+04
1.561273705015445557e+04
1.516071583537960760e+04
1.495410099023243492e+04
1.419758921888745135e+04
1.396678811134222997e+04
1.371310062507127077e+04
1.349744135080293563e+04
1.297151585145814533e+04
1.241538847209601045e+04
1.223823549422501856e+04
1.187886932191044434e+04
1.139366084173297895e+04
1.111009702532871233e+04
1.082214318245831601e+04
1.045443204658204922e+04
1.028828462329368995e+04
9.851484425665834351e+03
9.666968898288865603e+03
9.302985720521630356e+03
8.967139746668306543e+03
8.851832362839970301e+03
8.384078650705800101e+03
8.346131894265428855e+03
8.261700555153942332e+03
7.966681765776296743e+03
7.697598092454360085e+03
7.510313738938758434e+03
7.397558378706891745e+03
7.156091022601972327e+03
6.834281509166440628e+03
6.791589877635155062e+03
6.581956849503942067e+03
6.538105214340782368e+03
6.060596695900338091e+03
5.880871988737417269e+03
5.867465256458644944e+03
5.639125460077819298e+03
5.549994168486022318e+03
5.382001351465860353e+03
5.194936748495029860e+03
4.964487222082413609e+03
4.883248491190226559e+03
4.862038035836010749e+03
4.697360612442929778e+03
4.581062129223924785e+03
4.449087372198589946e+03
4.329153457565695135e+03
4.231133265218459201e+03
4.123349412850944645e+03
4.016255503781093921e+03
3.830260705054874506e+03
3.727720151011703820e+03
3.718360645049410778e+03
3.506967197240847781e+03
3.409958986415120307e+03
3.391641604844427093e+03
3.261203701476867536e+03
3.229767100354213653e+03
3.088548448299589381e+03
3.055930053611647509e+03
2.916491059566423246e+03
2.870321364648425970e+03
2.852449235822655737e+03
2.773755067875959412e+03
2.709308618542797831e+03
2.571903947940263606e+03
2.495511102140694675e+03
2.499593022497834681e+03
2.406561892867437564e+03
2.283053775796273385e+03
2.317228294454020670e+03
2.208516091821752525e+03
2.152785312161545335e+03
2.120975965348262434e+03
2.048849681969585617e+03
1.961279815351003435e+03
1.961981148420588625e+03
1.880581256259374641e+03
1.848022478657818965e+03
1.802339401341641860e+03
1.769004500679553075e+03
1.712508532038341173e+03
1.659315924417517181e+03
1.603713211229059880e+03
1.563233502430741282e+03
1.517030196534132983e+03
1.487365713696324974e+03
1.428228690622152726e+03
1.417418942731324478e+03
1.366860733590826158e+03
1.360489830890900294e+03
1.332164362291086263e+03
1.300703705248185770e+03
1.260313761516357772e+03
1.215674131948242348e+03
1.189241013908512059e+03
1.188964460669442815e+03
1.116046875933211595e+03
1.104771350949365569e+03
1.063244461202642469e+03
1.064259833965798407e+03
1.026225657670806413e+03
1.008502877966359620e+03
9.709268986142267295e+02
9.479625221393205265e+02
9.269856781291007337e+02
9.094079986506807245e+02
8.644105632455687100e+02
8.631731185306678071e+02
8.318597497397993266e+02
8.190638397080871300e+02
7.921714124337402154e+02
7.804379055921087911e+02
7.493050962644783795e+02
7.298392727454087208e+02
7.027291667321673003e+02
7.014908105433399896e+02
6.831803069898289777e+02
6.771854857348461110e+02
6.539210222101808085e+02
6.432657095229603783e+02
6.124964155686775484e+02
6.061595568166248995e+02
5.836309484152130835e+02
5.790980486743827669e+02
5.665319717966781354e+02
5.454367660335889241e+02
5.348412224662326935e+02
5.223136452545803650e+02
5.135987700328364554e+02
5.066534633079162404e+02
4.952808800605315582e+02
4.752436078358443297e+02
4.564153259140877026e+02
4.565065098494651465e+02
4.456714734875481554e+02
4.306479442692037196e+02
4.192800112824857024e+02
4.068818296777504315e+02
4.026916131564237844e+02
3.860343713822879863e+02
3.814575013330567117e+02
3.697880445229433803e+02
3.618949572273410809e+02
3.588486962350634712e+02
3.444647273275755310e+02
3.388262535732280298e+02
3.270835444941705532e+02
3.215237465834462114e+02
3.130354712570483571e+02
3.091194745629896374e+02
2.978843107473721830e+02
2.971790773844942350e+02
2.891238204021114484e+02
2.816203338327345591e+02
2.732034935262115027e+02
2.646639345480810448e+02
2.600983304169618577e+02
2.559184603111458216e+02
2.519337376612517687e+02
2.442430931174775708e+02
2.398783270359184030e+02
2.335096640286806746e+02
2.293323331202978750e+02
2.276002035945415116e+02
2.165054232830293586e+02
2.128279933180538137e+02
2.072094958426129381e+02
2.081400506518118050e+02
1.991955125717226451e+02
1.929920178962109105e+02
1.897752160634975098e+02
1.850968102379624156e+02
1.806193151542917406e+02
1.763750084857522609e+02
1.736709815627210105e+02
1.678382497562956530e+02
1.665957732890570924e+02
1.623008880676483727e+02
1.562681698315441849e+02
1.542536484208698937e+02
1.539947930259933742e+02
1.477230472076049921e+02
1.463204728018124854e+02
1.413894309628016686e+02
1.388358684408061947e+02
1.337540101157545962e+02
1.314831531972562857e+02
1.308489224698231510e+02
1.257363139771360636e+02
1.252003172393008015e+02
1.205318470734093097e+02
1.210524343859157597e+02
1.169165847853702900e+02
1.134933324741147089e+02
1.145866406723790334e+02
1.091216081973961991e+02
1.078676829797888530e+02
1.047842904389882790e+02
1.049295859351754672e+02
1.019385771499291451e+02
1.001303628381410675e+02
9.834259617916845286e+01
9.549814531526894257e+01
9.451276905490263402e+01
8.951437282571217224e+01
9.020965149754820800e+01
8.906513506352976606e+01
8.412686784851646848e+01
8.385177825994307454e+01
8.309923850403602330e+01
8.271436896689267826e+01
7.976809867082549488e+01
7.768317088171426121e+01
7.747490395680563324e+01
7.499673004839580415e+01
7.289664673193371414e+01
7.138190750953873476e+01
7.108446666010124204e+01
6.955481789221713029e+01
6.782725062373425828e+01
6.699143510408410407e+01
6.560905169024144357e+01
6.461439065775304869e+01
6.428369580003486305e+01
6.163748658610156639e+01
6.158924953825945892e+01
6.055792013925368877e+01
5.892056564424186860e+01
5.762904164051940370e+01
5.800908929615529530e+01
5.655516131699054938e+01
5.495255745340072195e+01
5.414112285034589434e+01
5.361384008760573749e+01
5.314737137222483909e+01
5.258925334350891490e+01
5.059153736234345189e+01
5.060705168381870322e+01
4.900403870245979476e+01
4.921888093086975147e+01
4.769599714763766940e+01
4.669019932484304292e+01
4.723537111114296039e+01
4.556020247045182003e+01
4.623807369693860636e+01
4.450231756002408900e+01
4.345849667106755021e+01
4.391061802041898687e+01
4.299858536146874144e+01
4.252912035268165880e+01
4.201359583116740737e+01
4.111013987186490226e+01
4.078023850344985135e+01
3.961819494545803622e+01
4.006822607423471538e+01
3.916928441601304201e+01
3.866823496249602243e+01
3.846322584647514020e+01
3.792368014224301476e+01
3.798204048649303388e+01
3.619914819545422802e+01
3.746724522654836420e+01
3.648192110491886808e+01
3.605026197815985967e+01
3.608082024399053722e+01
3.510699335492883932e+01
3.561167942964705446e+01
3.480335964739818166e+01
3.466968613551235023e+01
3.405953484114849772e+01
