2.772926665495586991e+08
2.700390760350308418e+08
2.431785983846353889e+08
1.867285792724603713e+08
1.666220161732187569e+08
1.457729153049578071e+08
1.174832890699864328e+08
8.789973362971934676e+07
7.198684039582222700e+07
4.660342316848416626e+07
3.657306713561607897e+07
2.809935559600481391e+07
2.014364601867526025e+07
1.443407966800606810e+07
1.003880261751264520e+07
7.840150982237379067e+06
6.087244961723885499e+06
5.019125463600535877e+06
4.119214373318979051e+06
3.409481303247562144e+06
2.814392738020773046e+06
2.430830023217916023e+06
2.215904893487806432e+06
1.819095091055300785e+06
1.745636874617249938e+06
1.436741307398927864e+06
1.294842692031146726e+06
1.226742664362369105e+06
1.044583392165110214e+06
1.039788147059019888e+06
9.259640496854141820e+05
7.959441074282123009e+05
7.158526129513320047e+05
6.458538663113081129e+05
5.691280307987579145e+05
5.516163790897037834e+05
4.769441549949517357e+05
4.312557710041381652e+05
3.959802339389532572e+05
3.651115912470432813e+05
3.215565746301799081e+05
3.120405052747402806e+05
2.674908923528440064e+05
2.484083061442711914e+05
2.265177294493215159e+05
2.092442604974353162e+05
1.969790921262518386e+05
1.869581586132499506e+05
1.683262420081080636e+05
1.542266910516505013e+05
1.406696808517429454e+05
1.306266954888015316e+05
1.242218106502427690e+05
1.085769691634882765e+05
1.033109184135327669e+05
9.767242857134385849e+04
8.956935525381568004e+04
8.061344956366257975e+04
7.606445077407741337e+04
7.126107707307219971e+04
6.375152273650791176e+04
6.202935509355862450e+04
5.604446541481516033e+04
5.031832660429152747e+04
4.836537191698149400e+04
4.330185407012102951e+04
4.157831373046363296e+04
3.883196881943776680e+04
3.718708513992589724e+04
3.499428391192339768e+04
3.229575408634364067e+04
2.982136121155386718e+04
2.829905849262549236e+04
2.684131899682478252e+04
2.495322223591420698e+04
2.325295442927047770e+04
2.139462739413840245e+04
2.022693867063158177e+04
1.835636456263266882e+04
1.807724791973044557e+04
1.717318679920692739e+04
1.581873114819218245e+04
1.466886598444457923e+04
1.333006738066615071e+04
1.287301161148611027e+04
1.210873927669157638e+04
1.104723827468999116e+04
1.055631575768976109e+04
9.752555222929022420e+03
9.305093958324010600e+03
8.771192203901318862e+03
8.199149553354658565e+03
8.070721742398309289e+03
7.219603818943729493e+03
6.771439980109224052e+03
6.325557685224484885e+03
6.078465353046296514e+03
5.652638531833071283e+03
5.404685309945705740e+03
5.028601611681528084e+03
4.727708528833383752e+03
4.613917444548236745e+03
4.235027251293283371e+03
3.839851035844279068e+03
3.669887100842493965e+03
3.454198698056932244e+03
3.331978245272845470e+03
3.107827286150683904e+03
2.908474563524103814e+03
2.784985249055695931e+03
2.630169415620161089e+03
2.431882599784663398e+03
2.324714153046511456e+03
2.231617523619963322e+03
2.085064611782216161e+03
1.977559848943931456e+03
1.821631368925229253e+03
1.762721821379830317e+03
1.634214564521081911e+03
1.583018642841703240e+03
1.489423529049552826e+03
1.433174262905170963e+03
1.271654226991861606e+03
1.277093950518683869e+03
1.133587893107338687e+03
1.083476538002192228e+03
1.034640829072684937e+03
9.726685795038890774e+02
9.549994889475572108e+02
8.967881558151204899e+02
8.229368092439356133e+02
8.043647704807464152e+02
7.323940069027745494e+02
7.195957319658185725e+02
6.750531199730853587e+02
6.368746844450022309e+02
5.973716807613094488e+02
5.701140422951456230e+02
5.486565212182943014e+02
5.097025018971506256e+02
4.845877549007176412e+02
4.639750415539037931e+02
4.467625249531134841e+02
4.117157386719930514e+02
3.999047127612175245e+02
3.648779636948730740e+02
3.462685920043801957e+02
3.305237453450259295e+02
3.065278161766280505e+02
2.993165504936576440e+02
2.853574276155346752e+02
2.673444725877216683e+02
2.567272581489331742e+02
2.420809624104904287e+02
2.288689287599622730e+02
2.179127263318270593e+02
2.064976755681381633e+02
1.958388935640959119e+02
1.850763030719190851e+02
1.854022810358777349e+02
1.688739905963642798e+02
1.623101558033282004e+02
1.500846155317431112e+02
1.446892707983810737e+02
1.379248191488343025e+02
1.315227313773855542e+02
1.251318761694648600e+02
1.173826212653036265e+02
1.091637010038295585e+02
1.072017584503085317e+02
1.011919554119171778e+02
9.649774816085228224e+01
9.467246308392921605e+01
8.539270675697022739e+01
8.383362781866000546e+01
8.205976339851936530e+01
7.501807955656968829e+01
7.272239406595448941e+01
6.901821667776975744e+01
6.593789623234002306e+01
6.192659221121881785e+01
5.964247700414936304e+01
5.653312504695137619e+01
5.359351701919941036e+01
5.123148256699776937e+01
4.877244773122238541e+01
4.819367290144450777e+01
4.327130841191548427e+01
4.330325727558494719e+01
4.064658105055762150e+01
3.764965708292761803e+01
3.726951542681549512e+01
3.518847096849292200e+01
3.343246772453974103e+01
3.185874573851392455e+01
3.014492110266596825e+01
2.961062965996942609e+01
2.752586660930261431e+01
2.647868644386530335e+01
2.535181401795013656e+01
2.412228927436570913e+01
2.341207774858252577e+01
2.168658724072267674e+01
2.133242991361807483e+01
2.049772164418378395e+01
1.977022064864974027e+01
1.862339938293873587e+01
1.778166537326796259e+01
1.692835587808379572e+01
1.618652675670309549e+01
1.589040033793281204e+01
1.525040119385783655e+01
1.444563770695671145e+01
1.369458845310905204e+01
1.296275632486879203e+01
1.252106855433493493e+01
1.189549042728859973e+01
1.126916099335848820e+01
1.125439493507864697e+01
1.077018851176125835e+01
1.043967051552444403e+01
1.000832103424798092e+01
9.498452819601467922e+00
9.126992037559094939e+00
8.836935254445915433e+00
8.695485479530940864e+00
8.229774255220283052e+00
8.009718236114194312e+00
7.582568515456190816e+00
7.549623320715083352e+00
7.008306418533419624e+00
6.859277501608777250e+00
6.653801876490886613e+00
6.142849603337859676e+00
6.105752961405563894e+00
5.901797614685209581e+00
5.678393391724260830e+00
5.592823067307692853e+00
5.290327242964877108e+00
5.172157095442162067e+00
5.032328915361975241e+00
4.975783331662026576e+00
4.786134509072370591e+00
4.741581401182417110e+00
4.716988355888437567e+00
4.393200796972920763e+00
4.279323669788107409e+00
4.260209118060866551e+00
4.131737135869636646e+00
4.170187935329517259e+00
3.858350398592251373e+00
3.937163623089314335e+00
3.939572449351831374e+00
3.796025749521295900e+00
3.774109521334929163e+00
