3.471766976091238260e+08
3.351545677609823942e+08
2.937574794700576067e+08
2.165105328552947938e+08
1.877817217083182633e+08
1.570671772548857331e+08
1.185636805058022439e+08
8.296990407690064609e+07
6.438601347084400803e+07
3.939628557038202882e+07
2.995757196680402756e+07
2.224460190488719940e+07
1.539351612183411792e+07
1.131616470531476662e+07
7.735970398144207895e+06
6.353493071880610660e+06
5.028672667306876741e+06
4.299838641016869806e+06
3.537831483102346770e+06
2.882172289118630346e+06
2.442288208087326959e+06
2.206483249402161222e+06
1.953096415841666283e+06
1.651833875879355706e+06
1.580101122774936724e+06
1.337047248651596950e+06
1.267139756699810037e+06
1.123026132844183827e+06
9.807812833163614850e+05
9.390439001525457716e+05
8.319239909928803099e+05
6.937362784264155198e+05
6.300417807628089795e+05
5.468924301755279303e+05
5.217666476276798057e+05
4.724088638149925391e+05
4.354196718224782380e+05
3.896166064305075561e+05
3.567076970447594649e+05
3.074310169967918191e+05
2.925709076872535516e+05
2.689510302325654775e+05
2.427214374964926974e+05
2.231613622511453577e+05
1.957825564874221454e+05
1.871312596565939602e+05
1.838910088230129913e+05
1.624854677523995633e+05
1.422818958696271875e+05
1.335134647854125651e+05
1.243862401149462967e+05
1.161929963683232490e+05
1.056780515350909845e+05
9.795352314321321319e+04
9.042132607039403229e+04
8.403100431039171235e+04
7.555541987131893984e+04
7.108284688172073220e+04
6.877803564167134755e+04
6.264418889114967169e+04
5.790584289024382451e+04
5.401484434506962862e+04
5.022845610075710283e+04
4.609287038826377830e+04
4.520715668077232840e+04
4.023030074302585854e+04
3.621791685804845474e+04
3.526441026841539133e+04
3.438714832706885500e+04
3.094498836146052417e+04
2.818347314974862820e+04
2.694568156318283945e+04
2.452268351258113398e+04
2.353978846204121874e+04
2.184917792889107295e+04
2.072627734396905726e+04
1.903859764752201227e+04
1.850270909437778391e+04
1.641130543976491026e+04
1.570587222634617865e+04
1.508882221412933723e+04
1.369629032537734383e+04
1.285454922846378577e+04
1.229596302741628460e+04
1.135225776109532671e+04
1.019661437824543464e+04
1.013322356605457571e+04
9.201530274542117695e+03
8.719643466593484845e+03
8.017194727683037854e+03
7.714982128469235249e+03
7.356126048752941642e+03
7.023716984826131011e+03
6.353352227041450533e+03
6.203658443903155785e+03
5.703063817097800893e+03
5.426881448046755395e+03
5.110869240131627521e+03
4.833020977043527637e+03
4.631778849098162937e+03
4.125561371358779070e+03
4.106210613202771128e+03
3.657084057803571341e+03
3.477364301738502490e+03
3.317233044548026555e+03
3.090325454383041688e+03
2.853126844548357440e+03
2.744715746146875063e+03
2.685421826607432649e+03
2.445039598108611244e+03
2.233826083513766207e+03
2.159071193517798292e+03
2.115250682592657995e+03
1.934848799267258528e+03
1.861065445612819076e+03
1.749808164108028677e+03
1.638171877685729896e+03
1.568709681992201695e+03
1.463248987003708407e+03
1.369118581745606662e+03
1.282893306803389805e+03
1.249041978804011706e+03
1.113674875365255957e+03
1.092671030921413148e+03
1.045626617177859544e+03
9.781690494132774347e+02
9.289993504487665632e+02
8.675006596003862569e+02
8.470456870335270878e+02
8.098463075306287919e+02
7.325934170106366992e+02
6.933653429490216240e+02
6.673708236405959724e+02
6.377646004577378562e+02
5.939150667793483080e+02
5.971913729023533506e+02
5.357452128385987180e+02
5.014874101951431840e+02
4.677529741705346851e+02
4.611212979244641019e+02
4.306260910014022443e+02
4.081391177114971924e+02
3.797866322365192673e+02
3.581508506555843496e+02
3.532084382046838869e+02
3.265857934838934966e+02
3.068942152721227217e+02
2.881073744016180171e+02
2.845192954276053001e+02
2.653006596803318757e+02
2.574538616914247200e+02
2.377279300212385920e+02
2.323465764607918231e+02
2.113774472592282621e+02
2.064441044661036244e+02
1.964823966185861934e+02
1.826222828911620013e+02
1.785877685106435990e+02
1.688906796439339644e+02
1.575806107234665205e+02
1.495196827019198338e+02
1.390338875360559712e+02
1.344485681984817234e+02
1.285616534651784946e+02
1.197150926549609551e+02
1.170074072476155180e+02
1.099472041323729172e+02
1.074226739099585046e+02
9.876281798323267935e+01
9.423124904451046291e+01
9.064135493468396021e+01
8.611928487329021209e+01
8.264427421812298746e+01
7.804594175131794032e+01
7.650134760589558880e+01
6.980502805967078928e+01
6.669247323759496737e+01
6.331506204551747174e+01
6.068093111041920196e+01
5.756078143586613294e+01
5.474761424805791421e+01
5.295779541454553652e+01
5.048515952002210838e+01
4.829805924364742253e+01
4.608249260558891791e+01
4.453301319930808688e+01
4.123402761109146297e+01
3.824689983235607826e+01
3.759510930884088964e+01
3.439083699435175134e+01
3.403205339831101384e+01
3.303050740667099205e+01
3.130042912242043940e+01
3.000581725101741881e+01
2.806334820249877637e+01
2.729726785851248039e+01
2.603252893817025182e+01
2.444362900272327366e+01
2.402872693941892379e+01
2.250878894834923116e+01
2.206645223176400350e+01
2.045615333560247961e+01
2.001356863596804558e+01
1.902649249899472750e+01
1.774305247398149277e+01
1.703796704518607186e+01
1.670264463869143157e+01
1.576263421541636056e+01
1.507743332823472748e+01
1.436968979536906588e+01
1.404012015526924451e+01
1.353232028164521239e+01
1.239368150366512644e+01
1.218707440117095331e+01
1.175857166531482356e+01
1.111490515615648711e+01
1.093388120631658111e+01
1.039467214390833760e+01
9.903467907220512956e+00
9.185770537772919297e+00
9.106400815026187701e+00
8.684039174484391665e+00
8.358759104254557926e+00
8.129472433016335486e+00
7.728518053088743400e+00
7.464042881113466699e+00
7.255660038766618136e+00
7.095191274556491123e+00
6.645721129230738100e+00
6.462355590248064274e+00
6.142562428179926037e+00
6.232760155235806288e+00
5.885647509763076712e+00
5.511678242560726915e+00
5.355944596386544632e+00
5.330158311050658959e+00
5.119402521941541551e+00
5.105961480709019007e+00
4.726058089245679383e+00
4.701661661927116320e+00
4.421332549372812615e+00
4.444126274830145107e+00
4.222883620776118008e+00
4.190709407137237719e+00
4.104584400929145893e+00
3.946325016524401263e+00
3.894900275372731535e+00
3.738797595171611476e+00
3.666505386600269922e+00
3.521945119421695303e+00
3.498636798590722741e+00
3.496105474284393999e+00
3.368623811765778520e+00
3.280325401239999827e+00
3.364362391875528768e+00
