3.129813216255849600e+08
3.031788490913881660e+08
2.691776309302370548e+08
2.031164781903193891e+08
1.781960435747051239e+08
1.525347206223299801e+08
1.187539628111130297e+08
8.572789843132489920e+07
6.843212641987721622e+07
4.289171668924993277e+07
3.311030151951939985e+07
2.496095393527289480e+07
1.758317999689534307e+07
1.265068431165647134e+07
8.669225978697011247e+06
6.975682634434690699e+06
5.454066321112529375e+06
4.585043770089618862e+06
3.772418076594038401e+06
3.065761247896362562e+06
2.584784742748820223e+06
2.285323099739964586e+06
2.063363365531369345e+06
1.722709322511822451e+06
1.660581736153731588e+06
1.391047734349533450e+06
1.285015961790503934e+06
1.181832546879658708e+06
1.010821802253130591e+06
9.878393286979647819e+05
8.732648195810284233e+05
7.368203433031229069e+05
6.729633184478810290e+05
5.872485287152377423e+05
5.370582830255855806e+05
5.132033808101834729e+05
4.598634770762186381e+05
4.051715886594422627e+05
3.704572327016441850e+05
3.350844716792086838e+05
3.027797793327115360e+05
2.886102502407981083e+05
2.536157241714095580e+05
2.295600645351691637e+05
2.043815736236348457e+05
1.952016689066823164e+05
1.909840399923168588e+05
1.725193368874833104e+05
1.573745042542130104e+05
1.450451326935850084e+05
1.315774252966243075e+05
1.235896074979183759e+05
1.130657490824794804e+05
1.043733589068009023e+05
9.706182705464612809e+04
8.925805644295699312e+04
8.230313247394324571e+04
7.546582623410518863e+04
7.237242124654829968e+04
6.778594597667029302e+04
6.118458881109335925e+04
5.750602893803651386e+04
5.257157947968784720e+04
4.770091250116377341e+04
4.564530649091586383e+04
4.073927060667853220e+04
3.809484404747009830e+04
3.685337792725309555e+04
3.587891600852576812e+04
3.244530896181114440e+04
2.952552835384577702e+04
2.808181290076645746e+04
2.620683431759795712e+04
2.508733969860124125e+04
2.324125557304274480e+04
2.254572118662869616e+04
2.047564828791439868e+04
1.999240381912461089e+04
1.685289523714766256e+04
1.639026601580697024e+04
1.602935846916579794e+04
1.474037921400282903e+04
1.351821269353936077e+04
1.287033787753054821e+04
1.209477884790364260e+04
1.144225157829692762e+04
1.042120385708537287e+04
9.554271385344432929e+03
8.761820082495996758e+03
8.801686468325999158e+03
7.926828516338142435e+03
7.742563019217994224e+03
7.496810839550748824e+03
6.833178109185197172e+03
6.504329516576400238e+03
5.900279847018421606e+03
5.588340537242997016e+03
5.493512295009045374e+03
5.056922630043392928e+03
4.896661593546574295e+03
4.508050617302224964e+03
4.229835611055881600e+03
3.959955310045866554e+03
3.634547141744747023e+03
3.462102093377061010e+03
3.183927521905910908e+03
3.101667311228204653e+03
2.940281536837332624e+03
2.745568017484320535e+03
2.579554803432681183e+03
2.442809964170965941e+03
2.328009455945107220e+03
2.226092673417431342e+03
2.105541086937078489e+03
1.965720584787624148e+03
1.820851029416424353e+03
1.704255998215943237e+03
1.643114069113700680e+03
1.544180796755499614e+03
1.461289288221359357e+03
1.385978352463674582e+03
1.307421948613763561e+03
1.218560317523552612e+03
1.173330589519964406e+03
1.077015866042875587e+03
1.039299707243800640e+03
9.686246008810912826e+02
9.035160405989012133e+02
8.802545212032615609e+02
8.283076776612311960e+02
7.770710220535000872e+02
7.465387949647258665e+02
7.153890460364194723e+02
6.718949819208851295e+02
6.351498106296540982e+02
6.082210435235299428e+02
5.563747063391866732e+02
5.303744501255790738e+02
5.136886361882368419e+02
4.770439366523594913e+02
4.499406742682867844e+02
4.245027970864383633e+02
4.091691757158195060e+02
3.846311098073785502e+02
3.688684428308491192e+02
3.460500033017245300e+02
3.247278363430236823e+02
3.057650338934603269e+02
2.946061810840784574e+02
2.794650692105275311e+02
2.742059017039605919e+02
2.527169610090164156e+02
2.376278238823091158e+02
2.291527168770090555e+02
2.152100077577839841e+02
2.051566305106327093e+02
1.910813779007401649e+02
1.872063213804711950e+02
1.750291262197202684e+02
1.689005683756343217e+02
1.570322705566416062e+02
1.497270293316778407e+02
1.443662150775480200e+02
1.381506446407533986e+02
1.305017688611111453e+02
1.215142665160378783e+02
1.159904210180509665e+02
1.125359296349650293e+02
1.034328192475707482e+02
1.019919290716245115e+02
9.615546831780565640e+01
9.139143480526715280e+01
8.608652039187117566e+01
8.118462390463540146e+01
7.800063905273788123e+01
7.459742077983023023e+01
7.115614223502456070e+01
6.601610412216955126e+01
6.429529154142718994e+01
6.200441159608290320e+01
5.821337164999853542e+01
5.565039932441192150e+01
5.309827567593467990e+01
5.017585375193959862e+01
4.909190990085417639e+01
4.598608576989090579e+01
4.347332143808110771e+01
4.068596578921903273e+01
3.943774537705554195e+01
3.741228223041854051e+01
3.515258770885837691e+01
3.399865100627223313e+01
3.212092555127572524e+01
3.249229433379067444e+01
3.035224357927550543e+01
2.814832447381203195e+01
2.777812853075926824e+01
2.581051031467078616e+01
2.511932191003708326e+01
2.389842195748100195e+01
2.266963342401534121e+01
2.128834413416637616e+01
2.135884081462054951e+01
1.962032110459004386e+01
1.885168281675555590e+01
1.813878736548373638e+01
1.765939582945658870e+01
1.650369269380423276e+01
1.566181023688812601e+01
1.553344796364707392e+01
1.437398457285049780e+01
1.395716726635921567e+01
1.330309571107984290e+01
1.262285496448983402e+01
1.226562401634399180e+01
1.174358535328870445e+01
1.132844342452249542e+01
1.087438408107152021e+01
1.045149976268193726e+01
9.908023984774821713e+00
9.882068762850192201e+00
9.211791596185360476e+00
8.986268376520454737e+00
8.458681850436580163e+00
8.213546046436702497e+00
7.807555443590052491e+00
7.455032342419474212e+00
7.392907904265816121e+00
6.973333642922797893e+00
6.797429561391315822e+00
6.575671601416201106e+00
6.360610595552611102e+00
5.947555388240513885e+00
5.838984668810305756e+00
5.748983791819237688e+00
5.467458775053467335e+00
5.277620756007157077e+00
5.250839130720033054e+00
4.895514141542916420e+00
4.842209564876382544e+00
4.697336915939652080e+00
4.756106494338780522e+00
4.462625034225018439e+00
4.287885161769836806e+00
4.311943816929769469e+00
3.993976228167589682e+00
4.030118671306637701e+00
3.876303143768893733e+00
3.862933214141016869e+00
3.805702185980327279e+00
3.632764611812040467e+00
3.590411260111549208e+00
3.487276031836081813e+00
3.518027128614524823e+00
3.508837004663818426e+00
