5.721522918638858795e+08
6.673993279069921970e+08
6.109618045983070135e+08
5.856135844022319317e+08
6.335580477896347046e+08
6.633290973339872360e+08
6.256795297241568565e+08
5.506111563875827789e+08
5.464696995377143621e+08
4.797146180173674822e+08
4.640999774495490789e+08
4.148465266002503633e+08
4.037094085051697493e+08
3.836110256492517591e+08
3.473653570422070026e+08
3.175492698413978219e+08
3.120338071427105069e+08
2.914927786497487426e+08
2.429154263144829869e+08
2.308957183817147613e+08
2.116594534761505127e+08
1.869739683581561446e+08
1.712576616618986726e+08
1.507378430900320709e+08
1.381287331013491750e+08
1.245827176469727457e+08
1.185314782912748307e+08
1.045049104319421947e+08
9.123839042611780763e+07
7.680930531907057762e+07
6.988112825126805902e+07
6.603448390796782821e+07
5.781819496557307243e+07
4.802548934343315661e+07
4.480932375513565540e+07
3.801231383474770933e+07
3.337399649272111803e+07
3.019923843904888630e+07
2.864728986383134127e+07
2.415382986238573119e+07
2.149353725857696310e+07
1.912678939604216069e+07
1.772433511976725981e+07
1.580978133013597503e+07
1.434896766526575759e+07
1.353657059880608879e+07
1.165907892056979239e+07
1.101267875658400171e+07
1.042238584386397526e+07
9.342522379722164944e+06
8.551108118056442589e+06
8.205458192585510202e+06
7.457503466616837308e+06
6.937301811994960532e+06
6.374416424372269772e+06
6.012645789611993358e+06
5.612229418590231799e+06
5.506194787828645669e+06
4.960993492431704886e+06
4.718500340030026622e+06
4.629613132543018088e+06
4.288643328600110486e+06
4.226245396207553335e+06
3.839671219604614191e+06
3.580016292085570283e+06
3.385974316866797861e+06
3.400923294886904769e+06
3.144439702917061746e+06
3.140999518315854017e+06
2.948004287065529265e+06
2.762891803215346299e+06
2.756447767294816673e+06
2.673914342866401188e+06
2.440679992013137788e+06
2.362045882991747465e+06
2.321618773235112429e+06
2.101966937631136738e+06
2.041210453257355839e+06
1.965448857697390020e+06
1.846072131768422201e+06
1.798357096029739827e+06
1.707666261691272957e+06
1.701434163485561730e+06
1.609872090961938724e+06
1.508156412204882363e+06
1.455189038069094531e+06
1.398919824843210401e+06
1.328593772606939077e+06
1.269777561523378361e+06
1.237308692753504729e+06
1.240318220509284874e+06
1.154564823400671361e+06
1.107750239031131379e+06
1.074253123936276883e+06
1.000920994408325525e+06
1.000635476286131190e+06
9.415471397636570036e+05
8.905403162496294826e+05
8.484522572873156751e+05
8.025501817400690634e+05
7.855274088891935535e+05
7.560818629728785018e+05
7.689934400335596874e+05
6.874640068890483817e+05
6.915176574447652092e+05
6.590100130530267488e+05
6.229885902346188668e+05
5.908132957533473382e+05
5.605558283351443242e+05
5.573598015302026179e+05
5.350824250549039571e+05
5.192253826538470457e+05
5.048791371071842732e+05
4.713024732998666586e+05
4.549890024845401640e+05
4.365243479618723504e+05
4.358809110253154067e+05
4.205243210677540046e+05
3.955351036831890815e+05
3.768099553815902909e+05
3.763185069730022224e+05
3.573649703998361947e+05
3.362697395446994924e+05
3.267582761332348455e+05
3.254811933072932297e+05
3.125097945017523598e+05
2.927575448782668100e+05
2.897944316365469713e+05
2.728555186756174080e+05
2.642720509491401026e+05
2.571670885684103123e+05
2.450704569084748218e+05
2.358906991269960999e+05
2.346290712481268565e+05
2.207869299605836568e+05
2.150467487217724265e+05
2.045325054571733053e+05
1.971709393674183520e+05
1.932440185897908523e+05
1.858155133209223859e+05
1.837220794436080323e+05
1.722454716487544065e+05
1.697045978832898836e+05
1.644358702513821772e+05
1.592721513570814568e+05
1.532422968913759396e+05
1.441127272493400960e+05
1.423019331148236815e+05
1.377105396918935003e+05
1.316760496342498227e+05
1.270363746011003677e+05
1.222011168510379939e+05
1.178927491328877659e+05
1.154570770791772229e+05
1.121358390403346129e+05
1.066670327386829013e+05
1.024537142747141479e+05
1.006004418521954212e+05
9.774826912407853524e+04
9.190598194050737948e+04
9.049976839322892192e+04
8.987793586381743080e+04
8.485333317648360389e+04
8.435591636597028992e+04
7.987065098917370779e+04
7.795052127088829002e+04
7.624663652339606779e+04
7.205686632359784562e+04
7.014741245223644364e+04
6.933157815470607602e+04
6.618023000258284446e+04
6.395744301750557497e+04
6.285048789572120586e+04
6.087098419810041378e+04
5.874167781939248380e+04
5.574623701216276822e+04
5.524151874642042822e+04
5.285070516679093998e+04
5.170873297926635860e+04
5.034703263164688542e+04
4.831399736831706832e+04
4.652393045480388537e+04
4.455251527625283052e+04
4.424871461100246233e+04
4.327048070739493414e+04
4.158008538083836174e+04
4.052656245979378582e+04
3.865770975917824398e+04
3.725000638629477180e+04
3.541315577553810726e+04
3.635898832134272379e+04
3.403281298357511696e+04
3.330625646497968410e+04
3.174606948199330873e+04
3.088713874115214639e+04
3.095866712866415037e+04
2.946353621483119787e+04
2.881603914617544433e+04
2.762476980794173505e+04
2.665647255116700035e+04
2.628466627700282697e+04
2.538967273128711895e+04
2.469871307038682789e+04
2.384440203095653487e+04
2.290587189352709174e+04
2.244671742037585864e+04
2.206208465362320567e+04
2.127911462823366310e+04
2.063977361102343275e+04
1.987610175799559875e+04
1.890276466205399629e+04
1.886934168552953633e+04
1.790367156243493082e+04
1.699148266755515215e+04
1.665677639103590263e+04
1.649267469466821785e+04
1.580064199560347515e+04
1.570656042629656804e+04
1.507808492802813089e+04
1.481586600459463443e+04
1.431777396303949354e+04
1.394736616898331886e+04
1.363010598060339362e+04
1.320888668789539042e+04
1.297524019486241377e+04
1.238412481949658286e+04
1.206067311313701612e+04
1.173434037714227816e+04
1.132394770171773598e+04
1.113334025872073471e+04
1.067221824902060143e+04
1.046393068257342202e+04
1.023840424531916506e+04
9.903831115872000737e+03
9.512042653067666834e+03
9.271827771176198439e+03
9.050317922807998912e+03
8.898624534121003308e+03
8.714004670422877098e+03
8.443237889166088280e+03
7.986241995572597261e+03
7.802991806367089339e+03
7.679996887602339484e+03
7.239799170670358762e+03
7.315998477457198533e+03
7.111173501106192816e+03
6.948027190422015337e+03
6.580647668652629363e+03
6.523858257737404529e+03
6.217370166877532029e+03
6.084625071282473982e+03
5.976500259628625827e+03
5.703855381570612735e+03
5.657892005034591421e+03
5.306520021859946610e+03
5.184771970099498503e+03
5.109147138937485579e+03
4.930360536899742328e+03
4.823648817315841370e+03
4.626304549694001253e+03
4.572631231085984837e+03
4.443292990282933715e+03
4.248493561970710289e+03
4.310852738246455374e+03
4.038927284040414634e+03
3.978779696723505822e+03
3.887266789009674540e+03
3.740574843936365596e+03
3.657032882253241951e+03
3.545724896562924641e+03
3.487575314227987747e+03
3.326650669425470369e+03
3.271596482561658377e+03
3.183585569904650129e+03
3.091450310939910651e+03
2.962917446306831152e+03
2.933996198942237697e+03
2.851722701510938805e+03
2.835312009976690661e+03
2.738989142052661009e+03
2.703636110916395864e+03
2.537890905489722172e+03
2.500697436229286723e+03
2.456946073421449000e+03
2.363884600928910913e+03
2.355951943210217905e+03
2.259047893635627133e+03
2.204631479832431069e+03
2.102562382050169163e+03
2.059589218806282588e+03
2.013094397043963454e+03
1.941861359316815651e+03
1.931034321178497294e+03
1.852487596551885417e+03
1.797129763393536223e+03
1.762843050559278026e+03
1.697881026497544099e+03
1.677366836250713732e+03
1.666342424749917427e+03
1.596704157820580349e+03
1.559014665927614033e+03
1.530280114800556476e+03
1.491979582544402092e+03
1.437674272269052835e+03
1.366600887699369878e+03
1.357254199228507559e+03
1.313641776721065526e+03
1.291556492916500247e+03
1.239868359656955136e+03
1.221019070810858011e+03
1.185394476511880612e+03
1.160400547766246291e+03
1.128206505534094049e+03
1.105828760944467149e+03
1.085464290247748522e+03
1.039689992368679214e+03
1.013850094534626805e+03
9.884466897947828556e+02
9.748686139433987137e+02
9.301625860841880922e+02
9.075845800984055813e+02
8.972742734517353256e+02
8.726608196987353949e+02
8.632876502582485045e+02
8.304709622611660507e+02
8.128827453441425632e+02
7.791636232506555189e+02
7.648525105282993763e+02
7.369718956435306154e+02
7.260434060583372684e+02
7.199577722036532350e+02
6.918795989115463954e+02
6.687651692716884781e+02
6.664091264504809260e+02
6.387614701481509201e+02
6.360005597905508239e+02
6.131901265942889268e+02
5.932601558323838162e+02
5.851141342799082850e+02
5.645094748355202228e+02
5.537191501290194537e+02
5.293671560441489419e+02
5.251385786250970114e+02
5.059430871182015608e+02
5.032759942003842184e+02
4.804221824251862927e+02
4.752528939699890316e+02
4.714220328918703444e+02
4.585419123921183200e+02
4.374643706517257442e+02
4.354854339761410529e+02
4.173717419540309379e+02
4.106092094596048128e+02
4.042925782530863330e+02
3.911015798543322148e+02
3.847203382070715065e+02
3.685183327615956728e+02
3.637985533562703608e+02
3.568949253478085097e+02
3.466035492355028396e+02
3.368850283331462379e+02
3.294184778882475939e+02
3.240922499945789355e+02
3.130362490964706694e+02
3.028232696738887171e+02
2.917747327909501109e+02
2.879650624454292256e+02
2.867877497897660533e+02
2.702041628586975435e+02
2.724168528940441547e+02
2.691702088268746706e+02
2.583493864544697658e+02
2.495834813661836051e+02
2.426700673871981166e+02
2.400961204790147292e+02
2.287378550893209308e+02
2.328157150348600624e+02
2.281525575866081965e+02
2.206264337223382768e+02
2.139046358943336088e+02
2.062599034712720254e+02
2.013392054606860029e+02
1.990078691523424936e+02
1.965177459994932008e+02
1.921357606136505183e+02
1.823939384598285756e+02
1.818483076377229111e+02
1.786017189530192866e+02
1.717721369754644911e+02
1.663065278951524988e+02
1.638200407836781665e+02
1.623221827644944142e+02
1.567503370208289084e+02
1.542093966232294804e+02
1.494930314107489835e+02
1.458197467109166610e+02
1.431469119566757513e+02
1.388934818387660926e+02
1.341317977735610896e+02
1.335105401943132222e+02
1.326393902044012520e+02
1.281937270427143005e+02
1.234934828393649013e+02
1.215440438863655572e+02
1.198347840704580705e+02
1.163747839058247990e+02
1.140841389621950412e+02
1.111585492713412862e+02
1.085068102402104131e+02
1.061003877115327185e+02
1.039023722793060927e+02
1.021381568319625472e+02
9.954895250575120258e+01
9.859041653815990003e+01
9.634036508069263505e+01
9.303860981875102709e+01
9.112674732655850107e+01
9.011322690627702059e+01
8.680545713183038004e+01
8.420422280183983332e+01
8.420588488642776781e+01
8.112135783294991143e+01
8.050553242190567005e+01
7.873117119245758033e+01
7.732714947325671062e+01
7.559501353512639810e+01
7.396618293368666741e+01
7.095876705654494288e+01
6.895587419489537240e+01
7.046104183099947704e+01
6.778362888074393311e+01
6.500635463309166084e+01
6.521835474361293450e+01
6.234581908538579853e+01
6.201788320552478950e+01
6.063923339867176310e+01
6.004793160361374760e+01
5.875386347515062369e+01
5.713076301862946593e+01
5.681204623027838352e+01
5.464526299673095622e+01
5.369089866243082554e+01
5.278139651496869789e+01
5.222711316936492665e+01
5.161156400934716970e+01
4.982970483914994730e+01
4.831194658000303122e+01
4.860115922890329898e+01
4.653096705422200330e+01
4.684613027065316970e+01
4.488334799558143118e+01
4.466978784526357771e+01
4.366924314537665452e+01
4.269907462860153657e+01
4.242595836061700254e+01
4.040930993589530829e+01
4.003220126094910825e+01
3.974303674162896982e+01
3.889645226875573769e+01
3.839973908650855350e+01
3.692535579582035155e+01
3.722401009954013062e+01
3.561264092662860747e+01
3.516768604671706555e+01
3.465487507593692840e+01
3.371949123771603496e+01
3.394654716188760801e+01
3.272143177779696543e+01
3.231086422706785299e+01
3.157600463549400871e+01
3.136533017242258126e+01
3.040830159324343640e+01
2.946497853330818018e+01
2.979674284041077570e+01
2.913646238277641487e+01
2.893530246397300587e+01
2.892986952416827151e+01
2.748127492183137832e+01
2.783397347066647853e+01
2.742054068678396561e+01
2.663544630030734695e+01
2.608952429727946054e+01
2.577991980328420141e+01
2.589669857167896083e+01
2.509724657212710852e+01
2.576208228066646910e+01
2.408806725462244813e+01
2.440145871844547898e+01
2.394931836759504762e+01
2.303080765794218365e+01
2.314763121173182725e+01
2.323996090742341991e+01
2.266526271808567827e+01
2.266839054011465393e+01
2.223618358332076994e+01
2.221561563455627919e+01
2.175282472357080010e+01
2.121436432762048696e+01
2.114721180073079054e+01
2.084157856707053824e+01
2.101431559610994526e+01
2.021068417532128336e+01
2.040577475466886170e+01
1.983110763132408394e+01
1.981373352538202681e+01
1.978502113200635648e+01
1.958300105213671571e+01
1.887368832032457178e+01
1.911634902978050121e+01
1.921183320278982620e+01
1.944646611598738417e+01
