6.698262201809954643e+08
7.784738376990230083e+08
7.172632902107434273e+08
6.815916756657221317e+08
7.321089068733403683e+08
7.624494042414387465e+08
7.193673223115426302e+08
6.307196035826833248e+08
6.213342351333465576e+08
5.374506141061002016e+08
5.153307502046388388e+08
4.561998950024223328e+08
4.401843195099179149e+08
4.153209438989940286e+08
3.700717496046133637e+08
3.353332564653400183e+08
3.258257260686469674e+08
2.995873385687574148e+08
2.488038369154306054e+08
2.309233829059773088e+08
2.088200751414530277e+08
1.823360027852430046e+08
1.629443548994500041e+08
1.418241863644743562e+08
1.283663544830363691e+08
1.157070716798569262e+08
1.063514519241066873e+08
9.270647900331255794e+07
8.126121986883431673e+07
6.672923831703658402e+07
5.965905104003629833e+07
5.632295480537386984e+07
4.894734454699812829e+07
4.048162744547083229e+07
3.739429114629581571e+07
3.172951817813560367e+07
2.792406201614088938e+07
2.452625522105035931e+07
2.369276563016376644e+07
1.976006184808278084e+07
1.800229802177571505e+07
1.566951145263614133e+07
1.487886907523635030e+07
1.328326761937531456e+07
1.237870340040988103e+07
1.172578995959416218e+07
1.008151579557485506e+07
9.500992570714902133e+06
9.207764873484732583e+06
8.337545109285615385e+06
7.696010830865664408e+06
7.425445373919628561e+06
6.809346036312891170e+06
6.364075668389664032e+06
5.877389359817414545e+06
5.622587290402451530e+06
5.303001803176013753e+06
5.118914610671434551e+06
4.613826242930511944e+06
4.392776570639599115e+06
4.367810533420364372e+06
4.028151696950805373e+06
4.025845019410123583e+06
3.626353203735256102e+06
3.326173937543484382e+06
3.227073708990438841e+06
3.277093033141377382e+06
2.937567972284701653e+06
2.941775256214092020e+06
2.763325698555021547e+06
2.625345340423318557e+06
2.583399860627778340e+06
2.523908785086593591e+06
2.246052311015643645e+06
2.236261636789704673e+06
2.231044119830695447e+06
1.984973256921611726e+06
1.952567511452091159e+06
1.840168093678337988e+06
1.699873032610165421e+06
1.697423702043939382e+06
1.605531213105545612e+06
1.553750353975579841e+06
1.505714352848959155e+06
1.413296594715284416e+06
1.346373660339361755e+06
1.318929371656627860e+06
1.252830171104450244e+06
1.175407050831112312e+06
1.150418914913485292e+06
1.124918628469615476e+06
1.077784718280089088e+06
1.014661311887464835e+06
1.007160917127888883e+06
9.097014913470495958e+05
9.253795715503838146e+05
8.759941020321827382e+05
8.155860081506957067e+05
7.874475297748132143e+05
7.350347610103643965e+05
7.275991561069970485e+05
7.123623940479129087e+05
7.083906934479976771e+05
6.533363741784968879e+05
6.221055983024027664e+05
6.034960727583013941e+05
5.752720201565636089e+05
5.447513071119671222e+05
5.146625293454758939e+05
4.980652248793125036e+05
4.891244136623892118e+05
4.734206523532044375e+05
4.599100874418590101e+05
4.330060332424317603e+05
4.245880017626158078e+05
3.968378068028097041e+05
3.908145482388364617e+05
3.793911385510700056e+05
3.636029098906259169e+05
3.519121985209609265e+05
3.456748163585864240e+05
3.187167406088581774e+05
3.025381262804361759e+05
2.997530628943522461e+05
2.922227604765114374e+05
2.875952213269419153e+05
2.722054702003645943e+05
2.612108650049813150e+05
2.513091504521647876e+05
2.462241817468800000e+05
2.384689439460516442e+05
2.231383075608742947e+05
2.173020804015329923e+05
2.119571474907815864e+05
2.073895943174049316e+05
1.958200447699741635e+05
1.883469686324587965e+05
1.811408675329655525e+05
1.766527375800496666e+05
1.713131291142884293e+05
1.672213570272397192e+05
1.573373229035438562e+05
1.576939716997991491e+05
1.511473143927221536e+05
1.450083644010918797e+05
1.412879146954827302e+05
1.347668261760962196e+05
1.318398028010352864e+05
1.259651071757428290e+05
1.254243131375865050e+05
1.175338523368350288e+05
1.118594403592786257e+05
1.087927952712459955e+05
1.053872718640158419e+05
1.042262396151629364e+05
9.728761296601263166e+04
9.575135077990716673e+04
9.374479580757442454e+04
8.984822531981676002e+04
8.660521355390726239e+04
8.460606876087888668e+04
8.302342893077405461e+04
7.698994092840295343e+04
7.657637732650348335e+04
7.337990645096184744e+04
7.289942481181047333e+04
6.904177409834330319e+04
6.629827443116169889e+04
6.527007996922795428e+04
6.186294502656860277e+04
6.112218744834396057e+04
5.951714548046608979e+04
5.713744607520529826e+04
5.558499155366420746e+04
5.406616136271877622e+04
5.116841633020825975e+04
5.045830910430995573e+04
4.843727767013548873e+04
4.803248693389051186e+04
4.527034524740865163e+04
4.475473642240418121e+04
4.315929367273120442e+04
4.102902793936694798e+04
4.104069962252724508e+04
3.921995576989633992e+04
3.819744804880917945e+04
3.610794626009921194e+04
3.552081549602394807e+04
3.501005147602016950e+04
3.333854804514749412e+04
3.258448963270632157e+04
3.193022194070418482e+04
3.106647973629314220e+04
2.978437528242530971e+04
2.844949207851026586e+04
2.858026942798721211e+04
2.742292770419135923e+04
2.640597280006907386e+04
2.529443628316336981e+04
2.439492634608261142e+04
2.380221562404206998e+04
2.322919534143123747e+04
2.306335002650609749e+04
2.203254351202196995e+04
2.137454113252133175e+04
2.029803468772803535e+04
2.061957227075408446e+04
1.923235386924008708e+04
1.889107457953888661e+04
1.860503529080206499e+04
1.761090996438648290e+04
1.728867297592933028e+04
1.681495990500059997e+04
1.578380610238588997e+04
1.593608787971875245e+04
1.541442323117615888e+04
1.463422612298081185e+04
1.463826841969677116e+04
1.397647437864845597e+04
1.339336191042024257e+04
1.321037032213571365e+04
1.317342720832788655e+04
1.269654658211893366e+04
1.198276599096296741e+04
1.203609594346356243e+04
1.141993703067276874e+04
1.118933510307105280e+04
1.079491201857449050e+04
1.032406773645158137e+04
1.047540310000554746e+04
9.855964813034075632e+03
9.674649996251655466e+03
9.148082538234781168e+03
9.019536594382891053e+03
8.940553959401038810e+03
8.489581211575919951e+03
8.421490859125518909e+03
8.264821912202805834e+03
7.848871388038086479e+03
7.637625554237374672e+03
7.290146570038229584e+03
7.146579285356105174e+03
7.056026160073907704e+03
6.753406302128637435e+03
6.770344858715968257e+03
6.429341036514161715e+03
6.258203149675033274e+03
6.108987574545121788e+03
5.861394486204269924e+03
5.790321926660123609e+03
5.552445383152513386e+03
5.443298121101045581e+03
5.265863959224853716e+03
5.133403868553044958e+03
4.986006506159990749e+03
4.914064298606268494e+03
4.703666225371045584e+03
4.569748043039925506e+03
4.536339762382825029e+03
4.314627182069960327e+03
4.275478771645755842e+03
4.132882589810958962e+03
3.976542729984878861e+03
3.856132437684654633e+03
3.691452985439087115e+03
3.689377062344339265e+03
3.611141803469085517e+03
3.457931682395236749e+03
3.386483461241197801e+03
3.278700918551367977e+03
3.182240640077717217e+03
3.069887928058456509e+03
3.008095471310769881e+03
2.911691167678968213e+03
2.815932246887406109e+03
2.770973292398942249e+03
2.695997117172233629e+03
2.673772060287665681e+03
2.671267878456887047e+03
2.514024572356005137e+03
2.487955471113714339e+03
2.320013095437746415e+03
2.364007533985894952e+03
2.256713321045959674e+03
2.168546059443061495e+03
2.135654497941402497e+03
2.061182830007358916e+03
1.989100224170805177e+03
1.961395603731357824e+03
1.924270546556377212e+03
1.886321542443917451e+03
1.810123856434765457e+03
1.791491719118753053e+03
1.708592663977306074e+03
1.643567289443487198e+03
1.640464871417820859e+03
1.602992936123665459e+03
1.530445242356998051e+03
1.510239401089479543e+03
1.475245992144388310e+03
1.423132101675607601e+03
1.407558336295022855e+03
1.372904359738815401e+03
1.325161044840194791e+03
1.291504151271276442e+03
1.241839454505849744e+03
1.234958655104586342e+03
1.187054897833795394e+03
1.139287917975087566e+03
1.127286347093074710e+03
1.109763786610262741e+03
1.083633894292776631e+03
1.045838665327258695e+03
1.023977251972481099e+03
9.995489623991195458e+02
9.548552782751403356e+02
9.417562787122815280e+02
8.977346851309472413e+02
8.755370787884967285e+02
8.724520209539274447e+02
8.401172127616006264e+02
8.145397835779111801e+02
8.036473066596206536e+02
7.828835733719919290e+02
7.630239734419548085e+02
7.447236979986037113e+02
7.355569716593154226e+02
7.021782019445578271e+02
6.913673290534818534e+02
6.777183160710623042e+02
6.372051196844915921e+02
6.486512812526922289e+02
6.268187847336822642e+02
6.170173219718808468e+02
5.994702717889106225e+02
5.717545814055490609e+02
5.640173843462955574e+02
5.518290010504017573e+02
5.455657181389052539e+02
5.211901430105637019e+02
5.087962260555317471e+02
4.961988301797585450e+02
4.893222234388734364e+02
4.793796896928506612e+02
4.557232028353378155e+02
4.612028460400097174e+02
4.430769942299135664e+02
4.308364278543863293e+02
4.227535806701992556e+02
4.074957060917183185e+02
4.037209463113008496e+02
3.856329419767698141e+02
3.758354293835765247e+02
3.674318944335172432e+02
3.598942669379054564e+02
3.502225789061286036e+02
3.342030771971970466e+02
3.370847235587474984e+02
3.248507892575564142e+02
3.184926043280941030e+02
3.064965302991545855e+02
3.024777566754650593e+02
3.015991939861004312e+02
2.843874135456188128e+02
2.869544740074855440e+02
2.738105997993760070e+02
2.658690763166457032e+02
2.570714463010044142e+02
2.580668472134468061e+02
2.487407734375148607e+02
2.454860891006025270e+02
2.402333665355527614e+02
2.334166821705793211e+02
2.261718212854591457e+02
2.210935026056071422e+02
2.142243048944801558e+02
2.116311193125307852e+02
2.093166527509503396e+02
1.987439821654778314e+02
1.962404220814306086e+02
1.902026944758725904e+02
1.897036942785069016e+02
1.809919244907487723e+02
1.783389862003134851e+02
1.742429040697208507e+02
1.689340985499755163e+02
1.681515484908152871e+02
1.620698954633099049e+02
1.579980408129380010e+02
1.573360168087392026e+02
1.486521080553013121e+02
1.481797932389392827e+02
1.472700161393703411e+02
1.417262378768490123e+02
1.413349464782015730e+02
1.344118564360018979e+02
1.334020582589660933e+02
1.297154026678721834e+02
1.282716162666859248e+02
1.241294633784160908e+02
1.188504487109529890e+02
1.199671497435916763e+02
1.151814513559160105e+02
1.131510888354192446e+02
1.109449790091580752e+02
1.062316275392721963e+02
1.060344266150277406e+02
1.046726667749101125e+02
1.003394006064942516e+02
9.868811058613026432e+01
9.619426386503504034e+01
9.541322538524283914e+01
9.080370489306264403e+01
9.011703132172600306e+01
8.811764836550749180e+01
8.804071698920226652e+01
8.409456227264698214e+01
8.401414288283859833e+01
7.997282302745644245e+01
7.844282913365896093e+01
7.922277995733746536e+01
7.463344815315215897e+01
7.439567217059342852e+01
7.368093930496519306e+01
7.128959268679915340e+01
7.028551091738223988e+01
6.824256058920111911e+01
6.608995340235208005e+01
6.435923316540772987e+01
6.399001456927523179e+01
6.382626870057318058e+01
6.027145311543885242e+01
6.007237534726344563e+01
5.853231698958158802e+01
5.795992139459524140e+01
5.670003710743883119e+01
5.518789634791050958e+01
5.354269156979122357e+01
5.232450030548805131e+01
5.234826993083995461e+01
5.077660458152475087e+01
4.943427218740360729e+01
4.966566157497594247e+01
4.717773944733679770e+01
4.677525921745235848e+01
4.565747422638149544e+01
4.566462439935475004e+01
4.505273527513879372e+01
4.321273403806695512e+01
4.280227407529353911e+01
4.152696870841263888e+01
4.096952802539842509e+01
4.008212179722407598e+01
3.960184381249836605e+01
3.818811490922706753e+01
3.728187069015667987e+01
3.685541737519390892e+01
3.624242093578536128e+01
3.573168577085375830e+01
3.519466209892400599e+01
3.449602460409693805e+01
3.416325933185171237e+01
3.344716843801784023e+01
3.254603620710760481e+01
3.237342850184269594e+01
3.133944419801542836e+01
3.072981167014811987e+01
3.082539205533976201e+01
2.954804614172186916e+01
2.983611619674623938e+01
2.888841490992721361e+01
2.874905858095739930e+01
2.829237847018163876e+01
2.788500753520880338e+01
2.729447427515538749e+01
2.669829361964576009e+01
2.637824165843396784e+01
2.567464823507719274e+01
2.534736251143920072e+01
2.505128127359175139e+01
2.432023439323611314e+01
2.406075159185426315e+01
2.403418808867563783e+01
2.385679836687936728e+01
2.297514337047499922e+01
2.298776691484236423e+01
2.282176333901312404e+01
2.277217740947514102e+01
2.231605413533399940e+01
2.180758445320202554e+01
2.181018845075234225e+01
2.102809982710961378e+01
2.119803855097999090e+01
2.081977366386900741e+01
2.052575860621077908e+01
2.040492333215605214e+01
1.982966254944300744e+01
1.951116218457638496e+01
1.954179298766049300e+01
1.923331495358140586e+01
1.921647593563023548e+01
1.892936178226394617e+01
1.868620459225670061e+01
1.858123429962352446e+01
1.845006495854261885e+01
1.858611127581050226e+01
1.804873021806870526e+01
1.809326852495066262e+01
1.760284619371800119e+01
1.810497805423728224e+01
1.754774649876668136e+01
