1.320985818899372816e+09
1.495330323440297604e+09
1.439641043596294403e+09
1.351696145072516203e+09
1.343304429902061701e+09
1.366074842955984592e+09
1.214593731367700577e+09
1.028457216549145699e+09
9.684239037813920975e+08
7.925868855630786419e+08
7.176759391302192211e+08
5.967208625173285007e+08
5.358816846471043825e+08
4.804294834486327171e+08
3.893578291666104198e+08
3.500450145519217253e+08
2.987589347697009444e+08
2.498406311635376513e+08
2.058416479352698922e+08
1.644248467757549882e+08
1.407762564789267480e+08
1.197629831898565292e+08
9.454357045214684308e+07
7.876783237640038133e+07
7.054124069808362424e+07
6.068089386919973046e+07
4.844079130971588194e+07
4.330009048802027106e+07
3.701356331212840974e+07
3.131277629870975763e+07
2.757869099729272723e+07
2.535168007541573793e+07
2.310351606030986458e+07
2.032164008187438175e+07
1.815211404459587112e+07
1.693672304981575534e+07
1.544733252182776295e+07
1.305263739659766108e+07
1.300910030437267385e+07
1.216873325735593960e+07
1.126533987355588935e+07
9.766705765436993912e+06
9.432837500398065895e+06
9.187817122379098088e+06
8.484278260361347347e+06
7.591790657869532704e+06
7.293349463343660347e+06
6.575368282385865226e+06
6.630741485745171085e+06
5.983419260780005716e+06
5.657002920122134499e+06
5.248068637976786122e+06
5.078634736858846620e+06
4.675542553486618213e+06
4.570246346817640588e+06
4.420617487615475431e+06
4.016388720421325415e+06
3.852462182521565817e+06
3.648090810875444673e+06
3.390052255359270610e+06
3.302104549198371358e+06
3.018757334441786166e+06
2.834143574278847780e+06
2.726792410717265680e+06
2.661323221230548341e+06
2.563354548460063525e+06
2.357044138531677425e+06
2.227008216073716991e+06
2.150952374876720831e+06
2.070460626734423218e+06
1.944453470808295999e+06
1.905340821290055988e+06
1.718651219621435506e+06
1.647294692982440349e+06
1.616625090419171378e+06
1.530420709090979537e+06
1.474346536030074814e+06
1.387610873747085454e+06
1.333546492652876535e+06
1.255563243887324119e+06
1.197897225982183358e+06
1.185538074906472815e+06
1.081881823675876018e+06
1.104980112056242302e+06
9.872377120554217836e+05
9.747813525947950548e+05
8.850607982793828705e+05
8.743869374312696746e+05
8.431744538599401712e+05
7.864132554132887162e+05
7.695527522106737597e+05
7.137365711323610740e+05
6.972680670993465465e+05
6.724791297407239908e+05
6.341396845863783965e+05
6.141854617353907088e+05
5.783408271573025268e+05
5.685264714708270039e+05
5.429201294552845648e+05
5.152614632675129105e+05
4.965317673601715942e+05
4.923194803561538574e+05
4.698694653752691229e+05
4.369653466822275659e+05
4.393760119035254465e+05
4.020986490147066652e+05
3.955999969667523983e+05
3.911667997015911969e+05
3.638846460933862836e+05
3.491324869625141146e+05
3.387246562334608170e+05
3.270134391536106705e+05
3.162197986525032902e+05
3.108321292813621112e+05
2.932821692267127801e+05
2.791625946460048435e+05
2.790520790283015813e+05
2.602889097803640761e+05
2.526396358839911409e+05
2.471834694630294689e+05
2.341486589511630009e+05
2.267587483818735054e+05
2.181968052055279841e+05
2.122246570546057192e+05
2.008315887533061323e+05
1.992023625996056362e+05
1.836918659327813366e+05
1.791234411557444255e+05
1.804911478001554206e+05
1.664760203697714896e+05
1.656329604398155061e+05
1.600136277601968031e+05
1.518473870811450179e+05
1.428544539819411002e+05
1.430646179491768125e+05
1.358453555796280853e+05
1.341205720983281499e+05
1.271563987258892012e+05
1.244317267632884468e+05
1.196186082596836641e+05
1.179305182068472786e+05
1.117981221673312830e+05
1.063399092800402141e+05
1.047060351952852798e+05
9.973545123150078871e+04
9.725539202510300674e+04
9.254817692760388309e+04
8.938404751704154478e+04
8.917941830413018761e+04
8.433590716556375264e+04
8.309158198360491951e+04
8.004075524613626476e+04
7.741356992828166403e+04
7.359206380258014542e+04
7.309423626055980276e+04
6.785740024608993554e+04
6.840470122328950674e+04
6.450785661080536374e+04
6.309696566643183178e+04
6.144027092680150963e+04
5.864780934689370770e+04
5.766710260081387969e+04
5.636433420357387513e+04
5.230999822167691309e+04
5.206945508645287191e+04
5.029768471740986570e+04
4.887138814752244798e+04
4.669116768092872371e+04
4.577642376716819126e+04
4.493649516862587916e+04
4.295641578306445444e+04
4.112721909263044654e+04
3.910569595266402030e+04
3.911566222926019691e+04
3.801277201293345570e+04
3.657152323045655066e+04
3.537872695613493852e+04
3.472693985098473058e+04
3.276292211901045084e+04
3.291252602735326946e+04
3.099519983903124376e+04
3.017708202124287345e+04
2.953311877185034245e+04
2.859182632692805055e+04
2.796695165810541221e+04
2.663786180455939029e+04
2.592942451752552370e+04
2.523709519023184112e+04
2.440345714469936138e+04
2.389937294572892279e+04
2.266022784612269243e+04
2.245026278714785803e+04
2.101305788537273475e+04
2.055323642317541453e+04
1.971593646783338772e+04
1.945030035376799060e+04
1.928447194184508407e+04
1.812219539974545842e+04
1.782965746031992603e+04
1.716522929376893808e+04
1.691355180522627779e+04
1.598928044057652551e+04
1.614535634699365983e+04
1.520912329765109462e+04
1.467394197876236285e+04
1.480275202750364588e+04
1.380031320880543717e+04
1.375754014952489524e+04
1.359611993252488537e+04
1.287357107750127943e+04
1.265601639265689482e+04
1.198388208797291372e+04
1.188793473997820729e+04
1.149814254776635607e+04
1.123385225647572952e+04
1.071383219971375365e+04
1.045851619215797473e+04
1.002700605520999306e+04
9.860599814768593205e+03
9.698178475743472518e+03
9.363773767173057422e+03
8.786781476866957746e+03
8.859325207601639704e+03
8.477237711500598380e+03
8.347468799654427130e+03
8.048062321261246325e+03
7.833728128685786032e+03
7.637974950989216268e+03
7.116507082949590767e+03
7.099335848420110779e+03
6.855848644157335912e+03
6.832212811584604424e+03
6.526852041275499687e+03
6.378341319319175454e+03
6.149258576016557527e+03
5.986759092298607356e+03
5.782852853767299166e+03
5.717154374893774730e+03
5.519025964092046706e+03
5.473147507887940264e+03
5.200162936097255624e+03
5.095073077211091004e+03
4.968761792669562965e+03
4.883845766425727561e+03
4.639707077099615162e+03
4.514985485690634050e+03
4.474102771849381497e+03
4.247786454349031374e+03
4.137288987989485577e+03
4.101048345268311095e+03
3.849995402978830498e+03
3.840404780608396777e+03
3.737487431505977838e+03
3.605942456122776093e+03
3.524443797397922935e+03
3.436395023101269999e+03
3.370982076692741884e+03
3.153509337894185592e+03
3.144004118495996863e+03
2.988701556297512070e+03
2.948436386951882923e+03
2.888371126992216887e+03
2.804848722897762400e+03
2.689073867686437552e+03
2.603488314842692944e+03
2.606003314150565984e+03
2.509853554547466047e+03
2.422684310114992968e+03
2.391236052694674527e+03
2.312250043029815970e+03
2.203212945033022152e+03
2.170684477848534698e+03
2.152316116660111220e+03
2.060578638369509008e+03
2.022585546776747378e+03
1.974439724469088560e+03
1.895567181280307750e+03
1.864225895314077889e+03
1.793774006923472598e+03
1.791604871662746518e+03
1.741141091397899345e+03
1.698493235561129495e+03
1.638249068875430794e+03
1.564110400986689683e+03
1.526512933713408984e+03
1.493849350803563311e+03
1.450387385579781949e+03
1.432461860428348473e+03
1.402151799327111348e+03
1.356125092222168405e+03
1.311634073697968688e+03
1.252155831480217557e+03
1.237583373535581131e+03
1.220681385489096328e+03
1.191985019474512683e+03
1.170279780085436641e+03
1.147261595175262528e+03
1.096193421584199314e+03
1.079467729117730642e+03
1.019287850880360793e+03
1.012023467580058991e+03
9.572641251067983603e+02
9.586566152678087747e+02
9.445497438651516404e+02
9.048783028407849542e+02
8.860439685716974054e+02
8.551714950937446247e+02
8.418301085522474523e+02
8.035915033523890543e+02
7.910891089070976250e+02
7.615897725363329300e+02
7.571263022153701741e+02
7.308301420671037931e+02
7.122110575098611207e+02
6.884441877287147236e+02
6.768756817860970614e+02
6.590798141371230940e+02
6.297496957043618977e+02
6.338830780816806509e+02
6.137022913591151791e+02
5.910814880206714861e+02
5.844454723866126642e+02
5.593516937297596314e+02
5.580674299452033438e+02
5.355921343794518634e+02
5.223471191652982952e+02
5.027108859066000832e+02
5.029599643540444731e+02
4.902294877270779807e+02
4.779072391847496988e+02
4.598205101670779413e+02
4.538771766893747781e+02
4.413873162088296453e+02
4.338449972225366764e+02
4.189809459743174784e+02
4.022070287147008685e+02
4.003803973123013407e+02
3.911890931883793883e+02
3.845148682801297468e+02
3.663107568251791690e+02
3.641983240174091065e+02
3.461358800513946221e+02
3.465256462373816930e+02
3.431632555025159945e+02
3.270036145419247759e+02
3.184208471296453240e+02
3.067537066350623149e+02
3.039478427286721285e+02
2.951174141076685373e+02
2.834822803662764841e+02
2.763286771376262436e+02
2.721909494525586410e+02
2.699413994749352810e+02
2.586453679330351179e+02
2.510137837104545326e+02
2.448181501567539158e+02
2.396002793943399354e+02
2.383295855089660904e+02
2.292659181093630139e+02
2.272384711649509370e+02
2.207111366635295724e+02
2.146199081672728823e+02
2.105523885333436738e+02
2.010445374162313215e+02
1.990757212899220292e+02
1.972114479130797804e+02
1.884036730346923036e+02
1.843268408779613878e+02
1.816207860745840321e+02
1.776507682626182429e+02
1.708326933175312092e+02
1.695705061540034251e+02
1.628727210280289341e+02
1.574821042372450961e+02
1.564451296029734237e+02
1.525798565002021405e+02
1.501088073042436122e+02
1.469857783456874074e+02
1.409640882716282420e+02
1.387678891841617315e+02
1.351400926083820764e+02
1.328841282852311565e+02
1.312042089937226024e+02
1.285993027570815173e+02
1.262367355997705118e+02
1.201514231399844732e+02
1.192238412046127962e+02
1.162692393265538158e+02
1.132270203404397932e+02
1.116741325312303417e+02
1.071033338658898657e+02
1.044426422485200021e+02
1.010811136629473026e+02
9.934915006641104185e+01
9.878430662170957532e+01
9.442888205670961099e+01
9.437432905289649909e+01
9.089200272800350433e+01
9.024290950114770737e+01
8.618657263169360760e+01
8.426628141841666775e+01
8.395612638043142795e+01
8.079828536542466111e+01
8.010334124759509677e+01
7.801081836487284704e+01
7.584908695195835548e+01
7.423962996602061537e+01
7.318316002721532243e+01
7.273084371255646374e+01
7.022149092618337818e+01
6.834642922498090911e+01
6.702692114612156615e+01
6.612315544568834014e+01
6.333183013217085033e+01
6.184821246428707298e+01
6.096133933889598211e+01
5.935228575856778122e+01
5.870778748630400656e+01
5.717514853339636005e+01
5.691897213463043670e+01
5.566315006390819775e+01
5.376694707711855159e+01
5.353838095446100454e+01
5.102713434374638979e+01
5.018179354047099139e+01
4.973280690873302490e+01
4.753922423404441133e+01
4.702846677756271987e+01
4.648205816381123867e+01
4.566797728617699192e+01
4.414484650487241169e+01
4.322707592194294790e+01
4.277900165275305966e+01
4.136346562517524461e+01
4.071771324086694221e+01
3.997046922869842689e+01
3.839027999284891024e+01
3.886591672358757421e+01
3.734243768630870619e+01
3.654278660470205864e+01
3.546453328416269102e+01
3.492999817087410008e+01
3.463927920186198861e+01
3.406448227545062224e+01
3.311235687237454073e+01
3.272019142601136821e+01
3.246192546585166383e+01
3.168092084100085160e+01
3.027605039263862707e+01
2.990701608313005977e+01
2.967056242240887443e+01
2.925754134583770139e+01
2.867321822875807058e+01
2.803422891720691723e+01
2.742109077968972741e+01
2.685829829759564902e+01
2.627151202593929114e+01
2.594581048596688078e+01
2.543033862693837222e+01
2.524853044449794126e+01
2.433878813953076303e+01
2.429385021596279159e+01
2.378250120648553789e+01
2.353476313014999022e+01
2.278255964200659989e+01
2.251128087061338334e+01
2.214599501779279223e+01
2.167855190865808268e+01
2.162355307906242885e+01
2.093628980739176981e+01
2.084024509585407969e+01
2.051316047617759608e+01
1.988914428123620226e+01
1.983671669172421304e+01
1.959613059018094106e+01
1.902905000076143693e+01
1.882007289827471652e+01
1.845934918833131633e+01
1.850380784626015185e+01
1.792581705425869387e+01
1.771005973914412834e+01
1.708305109288493995e+01
1.709451171627757304e+01
1.728733648596937655e+01
1.687690249991057811e+01
1.658062505303974632e+01
1.601599522043181167e+01
1.602839716903288192e+01
1.600776259476999286e+01
1.549388976879333413e+01
1.537471083080408185e+01
1.486667128523905035e+01
1.487534892727324554e+01
1.488915468629098449e+01
1.451899358591666633e+01
1.456349626962109767e+01
1.406827299028404887e+01
1.414202923082550001e+01
1.389726668008190202e+01
1.381441013694477249e+01
1.386011971669830345e+01
1.359364955498241123e+01
1.321735724224217279e+01
1.314524282485622031e+01
1.323847853468256019e+01
1.317392014972817016e+01
1.274107608756180809e+01
1.297305801680767523e+01
1.283957938254650877e+01
1.287943533036995802e+01
1.246136586685697445e+01
