1.414850119959831953e+09
1.588773776816692114e+09
1.539377362735786915e+09
1.442002674119511843e+09
1.421328442979412079e+09
1.438506142326786757e+09
1.269161458670269251e+09
1.067857855680842996e+09
9.975663422249724865e+08
8.127922781328718662e+08
7.314128854822044373e+08
6.024258042052667141e+08
5.351781017944343686e+08
4.756614131541134119e+08
3.821413124783698320e+08
3.427742984947207570e+08
2.880533750257259607e+08
2.389166007465341985e+08
1.959036094114527106e+08
1.546810088045022488e+08
1.318043025809584111e+08
1.125731762824841440e+08
8.767673955876126885e+07
7.321356471972401440e+07
6.573692602437867969e+07
5.583741095086143166e+07
4.469954796850790083e+07
4.018148976674564183e+07
3.439704294550465047e+07
2.942060794564846158e+07
2.614887160079997033e+07
2.385690373908139020e+07
2.185131368279064447e+07
1.953789095801764727e+07
1.726843541849512607e+07
1.611125584434819594e+07
1.480813714521095529e+07
1.275777377142881975e+07
1.253368474562562443e+07
1.184816034470544569e+07
1.104980627528006583e+07
9.536398511813415214e+06
9.204495004396542907e+06
8.955123833516623825e+06
8.203568773029396310e+06
7.362470421273129992e+06
7.139572759683111683e+06
6.369348846305760555e+06
6.442103290956629440e+06
5.831950325221682899e+06
5.488162815901262686e+06
5.157212648336431012e+06
4.957475010251986794e+06
4.615785228803508915e+06
4.464621227133618668e+06
4.247474986158525571e+06
3.919536425155616365e+06
3.737978201433816459e+06
3.571240987413826399e+06
3.306134332260694355e+06
3.224333856497161556e+06
2.912944972563439980e+06
2.755659083463458810e+06
2.644674533085860778e+06
2.588094505158506799e+06
2.481739016298568342e+06
2.311759161045065615e+06
2.165010293990007602e+06
2.066225544811120955e+06
2.013752299432299566e+06
1.869944982537370874e+06
1.833430554999773623e+06
1.655271178382176207e+06
1.597298614192827139e+06
1.564571705498812022e+06
1.468312554334827932e+06
1.405127227434189757e+06
1.321132055581547553e+06
1.286740209151524585e+06
1.192721802261238452e+06
1.139505461917834356e+06
1.132462505889534485e+06
1.038641678396052099e+06
1.049153692430362571e+06
9.681419720815571491e+05
9.192480607451833785e+05
8.518770832542482531e+05
8.470837065770218614e+05
8.057994023762007710e+05
7.627149659881467232e+05
7.393131519278727937e+05
6.983781578370925272e+05
6.736348927555909613e+05
6.468804891592992935e+05
6.109678978372832062e+05
5.856260932052484713e+05
5.626903187301352154e+05
5.599114847504894715e+05
5.238063334852316184e+05
4.983322336945162388e+05
4.750036501639268245e+05
4.771367612474922789e+05
4.540889939786070026e+05
4.182671059266402153e+05
4.263422295947225066e+05
3.909815200207352755e+05
3.844233942462154664e+05
3.721566016821708763e+05
3.546390496554364217e+05
3.356539208383569494e+05
3.265360484111806727e+05
3.155840870661519002e+05
3.063452530102494638e+05
3.012040983760763193e+05
2.835768852385787177e+05
2.692826551356215496e+05
2.706815566414400819e+05
2.541499957057358697e+05
2.458254439993489068e+05
2.379554743781406432e+05
2.241107950259006175e+05
2.176283580691707903e+05
2.107628682511835941e+05
2.077027102591047587e+05
1.956546899962457828e+05
1.917271983900505875e+05
1.784071318674792128e+05
1.746693247307364945e+05
1.727072312159321446e+05
1.623874773569082899e+05
1.585059929922927695e+05
1.548854360257920052e+05
1.453517139631439350e+05
1.357312945648805762e+05
1.397821914542065933e+05
1.318161807285650866e+05
1.312354014002606273e+05
1.222669687685401586e+05
1.191174684512081585e+05
1.148998922793561069e+05
1.126533457125617133e+05
1.079965441426671605e+05
1.030435038067483256e+05
1.014746842324185127e+05
9.580679600062011741e+04
9.412115999869830557e+04
8.927934696535731200e+04
8.590127542632413679e+04
8.485034289007610641e+04
8.144953469970173319e+04
8.000928467884557904e+04
7.662075666448799893e+04
7.432042127449324471e+04
7.303687822854377737e+04
6.984425960818414751e+04
6.739050496751868923e+04
6.521204915320254077e+04
6.280452484839166573e+04
6.076116423619342095e+04
5.949668780485283060e+04
5.736420307461698394e+04
5.604975739870707184e+04
5.348459511896276672e+04
5.070235338060851791e+04
5.107442588420146785e+04
4.904155154017036693e+04
4.755091526111703570e+04
4.573527873068138433e+04
4.455406688423424202e+04
4.364591710234967468e+04
4.128283408114370832e+04
3.977069895221512706e+04
3.803234755212061282e+04
3.709351465594009642e+04
3.642695661725124955e+04
3.479810388195896667e+04
3.391332302068448917e+04
3.321590948396916792e+04
3.188418901954353350e+04
3.130333980048309968e+04
2.979184979745173041e+04
2.884769946399459877e+04
2.886780843398771322e+04
2.783289884785675531e+04
2.662746713780346909e+04
2.571059859654644242e+04
2.500087288888976764e+04
2.420207454737467560e+04
2.342037437984147255e+04
2.287156896403181599e+04
2.180935590703751950e+04
2.150643055267546879e+04
2.058845008900015819e+04
1.999441881678577556e+04
1.920372107561972734e+04
1.897471775177775271e+04
1.868076104397117888e+04
1.760446258883827977e+04
1.730572239608187738e+04
1.666229567470889378e+04
1.627345256198599600e+04
1.554338113757601786e+04
1.548309711854655689e+04
1.477254013698260496e+04
1.434968525100573061e+04
1.429891082057654239e+04
1.330420810093637920e+04
1.305921772267586675e+04
1.318750107428755473e+04
1.261618419002121300e+04
1.201174112800854346e+04
1.168218639787183929e+04
1.132209825619235016e+04
1.119191303206936027e+04
1.087095806650981467e+04
1.052208311384443732e+04
1.030412933115123087e+04
9.699158540644049936e+03
9.493815292394732751e+03
9.276730350840456595e+03
9.087813259746546464e+03
8.623111689337591088e+03
8.513943869101882228e+03
8.160575931429179036e+03
8.015229871686024126e+03
7.775170358991721514e+03
7.532157507596396499e+03
7.340517263906690459e+03
6.973996459044914445e+03
6.908642168885907267e+03
6.636143912208007350e+03
6.454125613000695921e+03
6.281051462575454025e+03
6.178750342810499205e+03
5.904197882953812950e+03
5.876636474826505946e+03
5.430627888718332542e+03
5.547021720822875977e+03
5.286201140094442962e+03
5.348710895783844535e+03
5.110065310455050167e+03
4.874480479231644495e+03
4.755670788483698743e+03
4.727325991564724973e+03
4.526370751422056856e+03
4.363124306091026483e+03
4.293512892101212856e+03
4.106766640152790387e+03
3.916920984376341039e+03
3.915132479507513835e+03
3.788023220190095344e+03
3.816437969033321679e+03
3.594573224993434451e+03
3.505216713458869890e+03
3.372628747007545371e+03
3.276499914348419225e+03
3.218690106776481571e+03
3.129292516663723745e+03
3.014386138854909404e+03
2.903813461486788583e+03
2.816257501040620809e+03
2.747146727904376348e+03
2.698416766837667637e+03
2.652262728957196032e+03
2.510119711037354136e+03
2.507903751649876085e+03
2.378268601004101129e+03
2.355352106546083633e+03
2.327925365165975109e+03
2.254193852741253977e+03
2.176432836955704261e+03
2.148713236570216850e+03
2.053210448145563078e+03
1.980511161517785467e+03
1.952439147537716508e+03
1.861588483800341464e+03
1.836571704272115767e+03
1.841688140435251626e+03
1.777127265256624014e+03
1.699979923156930454e+03
1.672526992114175755e+03
1.656060328203396466e+03
1.572483516081734251e+03
1.496136719544991593e+03
1.512215024615897619e+03
1.447026911100972711e+03
1.416668476232453713e+03
1.379830288074480222e+03
1.348598804197252775e+03
1.312038160384298180e+03
1.272108721943046248e+03
1.209357408828116377e+03
1.210085838584669546e+03
1.176070276025862540e+03
1.176767804437173936e+03
1.098127918532988588e+03
1.072459267187672822e+03
1.052287232485490222e+03
1.023700843917539714e+03
9.932006138745693988e+02
9.618711223112884454e+02
9.188861851607292692e+02
9.409720471952848584e+02
8.970427671032782655e+02
8.837295198396222986e+02
8.606377991812436221e+02
8.235082488112864212e+02
8.179634124363584533e+02
7.804808397748497555e+02
7.620809999285536378e+02
7.280560928438865176e+02
7.234238270319398225e+02
7.105165433548911551e+02
6.857217833520852537e+02
6.653874737940161594e+02
6.537816854012548902e+02
6.371817310804945009e+02
6.138941760320407184e+02
6.151246785530190664e+02
5.832423942268173960e+02
5.845400836999697276e+02
5.600718561685891927e+02
5.483232763241265957e+02
5.367521778797771503e+02
5.185799966898391631e+02
5.165293498206253844e+02
4.937638429576368253e+02
4.859941380977414269e+02
4.686720719298809854e+02
4.614420402579550569e+02
4.451343556721865866e+02
4.374279209215230253e+02
4.319925035889588116e+02
4.176631750397547762e+02
4.033417834564147029e+02
3.914357090341775347e+02
3.868288637033633677e+02
3.785083372122091987e+02
3.679460061586518123e+02
3.534718186427941191e+02
3.507521966337173467e+02
3.451623564399770316e+02
3.304839333590886099e+02
3.230471164384228473e+02
3.154248120337105092e+02
3.084534552108631260e+02
2.973984099203139522e+02
2.882943554827828052e+02
2.856992858034255960e+02
2.749195372621421711e+02
2.649182626342998219e+02
2.628324926650137741e+02
2.585844021757802125e+02
2.503524699819318471e+02
2.432982281441098280e+02
2.392061293113459612e+02
2.304653172597355990e+02
2.297290969384804953e+02
2.181289991786321991e+02
2.180058122390246353e+02
2.134795286525140909e+02
2.070831970373750721e+02
2.038527706261119192e+02
1.985933707608798784e+02
1.936823813965819738e+02
1.891850554778853279e+02
1.821591201965562163e+02
1.790797799912305095e+02
1.768103393304355393e+02
1.710884740013488567e+02
1.670626617279273773e+02
1.635759872490771158e+02
1.592714574325763408e+02
1.540741137047454856e+02
1.515706265270233359e+02
1.481807773087031421e+02
1.437231302046180303e+02
1.424041774428496012e+02
1.354153772248284611e+02
1.348612978633636033e+02
1.318421827371763868e+02
1.287050854399022342e+02
1.278462949883681148e+02
1.234748490239389014e+02
1.182585567813502223e+02
1.171878656762786477e+02
1.132190614998626188e+02
1.112897440639375901e+02
1.083509039659018782e+02
1.051538116632039817e+02
1.043741765730705993e+02
1.025780850745943269e+02
9.921834848832887133e+01
9.717282837248619387e+01
9.543825659973965969e+01
9.190549126667286828e+01
8.985663349682143064e+01
8.781646642007667936e+01
8.746469067915437279e+01
8.460818760673245720e+01
8.252583731267836242e+01
8.132411780376375532e+01
7.861194371618914545e+01
7.752436987924509992e+01
7.542237753771696873e+01
7.233241908143199339e+01
7.395827060812216303e+01
7.060953183484291173e+01
6.937214714000539573e+01
6.688841159069622222e+01
6.570686147543963784e+01
6.527637312907233991e+01
6.275695324622315496e+01
6.216034514284227441e+01
5.955311172849411605e+01
5.841803751903700004e+01
5.760384746152193713e+01
5.668738343877070207e+01
5.533933861685677869e+01
5.474507743326578435e+01
5.321257369786039959e+01
5.218686812421792354e+01
5.138734693238218654e+01
5.018020834430766541e+01
4.867446690313596491e+01
4.806274474224948534e+01
4.643224392081955187e+01
4.584482378452434403e+01
4.484282092833384326e+01
4.287366750399755233e+01
4.328400768196344472e+01
4.138194870085489185e+01
4.097214160565276586e+01
3.975729321785438231e+01
3.956141690862342131e+01
3.867288457344876917e+01
3.759302979330141170e+01
3.716937552624320773e+01
3.683890737844559737e+01
3.566310937629267386e+01
3.394050019620759429e+01
3.363962141114551230e+01
3.363935846238805993e+01
3.244129475904619397e+01
3.212508891302972813e+01
3.162098971631439781e+01
3.051374040640597940e+01
3.063536886633822931e+01
2.959361823197536268e+01
2.892629134615923903e+01
2.858511828888613948e+01
2.868586217709092168e+01
2.749270393362116494e+01
2.714796089919746080e+01
2.679574390879412249e+01
2.612235729220719094e+01
2.558354424718240949e+01
2.496792516620543267e+01
2.479047780922044808e+01
2.436723996602546904e+01
2.317274427420609229e+01
2.383287059222352156e+01
2.322895023140927862e+01
2.265959038959963934e+01
2.244054195714881317e+01
2.167468966073415260e+01
2.184714903483086701e+01
2.120503430326347427e+01
2.068655588642634413e+01
2.010598524645470420e+01
1.994765758806605405e+01
1.978027808555467004e+01
1.922872918995140523e+01
1.893843493798078725e+01
1.878426487343996243e+01
1.847096968574775389e+01
1.826468775502637243e+01
1.761417912635501892e+01
1.774000214041625867e+01
1.743211041416061491e+01
1.699222582381753455e+01
1.676329449754433298e+01
1.657993716835770925e+01
1.633882905650365913e+01
1.578041970236392544e+01
1.616461203926639811e+01
1.537328197530658613e+01
1.558533791664323154e+01
1.511073348914916359e+01
1.487882532406115921e+01
1.476843007290387888e+01
1.458844259289709200e+01
1.459658121972723244e+01
1.436949869736577057e+01
1.412113209707884565e+01
1.411862819400409741e+01
1.391697248630699235e+01
1.377821058761332473e+01
1.349353636417933799e+01
1.324339207783231132e+01
1.348286912981531671e+01
1.308183669819612760e+01
1.287792161124372470e+01
1.285167063139168064e+01
1.287758588012763639e+01
1.282322779608733754e+01
1.251542078904766342e+01
1.243549107312479762e+01
1.240111076460648931e+01
1.240543320048819886e+01
1.200941612886535026e+01
