3.824387067899006605e+08
3.650924811095125675e+08
3.164650709093514085e+08
2.291542344145871699e+08
1.956686305251020789e+08
1.597854001909338832e+08
1.174265544519099891e+08
7.975480709227900207e+07
6.026135297016892582e+07
3.629090314826604724e+07
2.707284700495760888e+07
1.986379351786970720e+07
1.360621391622945666e+07
1.033593489196312241e+07
7.072339588907593861e+06
5.906291362177996896e+06
4.674533632341152057e+06
4.061121313180133700e+06
3.349657561062844936e+06
2.785130701651449315e+06
2.371709176930590533e+06
2.161185833041465841e+06
1.881702619863856584e+06
1.610395785838960204e+06
1.499675594209015137e+06
1.270455789053206798e+06
1.236717151394867804e+06
1.056376556934719672e+06
9.446978603952802951e+05
8.859119423215998104e+05
7.860001450969504658e+05
6.691248180491991807e+05
5.838204804115021834e+05
5.243257986246820074e+05
4.962993340344536118e+05
4.397870185700954753e+05
4.116870786653858377e+05
3.725935701553131221e+05
3.478980999848441570e+05
2.950573836924728821e+05
2.808083507970032515e+05
2.475078532352297625e+05
2.272789399990862585e+05
2.185883676413696376e+05
1.910021405322736537e+05
1.786049689694098779e+05
1.735715105522038357e+05
1.529737171347727417e+05
1.350333795243023778e+05
1.244695652750643931e+05
1.208576285445037938e+05
1.096500204222817410e+05
1.009188761774683662e+05
9.425389436197307077e+04
8.761291058499415522e+04
7.975448284516498097e+04
7.176194286179522169e+04
6.757535714699476375e+04
6.447118157325431093e+04
5.838556178421134973e+04
5.496517022440541768e+04
5.140547329558747879e+04
4.779344589483158779e+04
4.475830412054338376e+04
4.348906773760781653e+04
3.836530804961341346e+04
3.587209130633966561e+04
3.300660144476106507e+04
3.181278182664317865e+04
2.876313423860743569e+04
2.626670687344026373e+04
2.575250428554044993e+04
2.359360406798659096e+04
2.259554129655038560e+04
2.070989660229999208e+04
1.999614836535864015e+04
1.791497102744323638e+04
1.673615634140213660e+04
1.614446933344436729e+04
1.525325205230045867e+04
1.407934396077362544e+04
1.309177417709950169e+04
1.248852410122856418e+04
1.122887108577093386e+04
1.088464641791060239e+04
9.798810107419423730e+03
9.460348281110002063e+03
9.044892047974997695e+03
8.409251859401812908e+03
7.595112741457187440e+03
7.353135936169407614e+03
6.946052779766066124e+03
6.515689059304281727e+03
6.043874660600495190e+03
5.758373371460109411e+03
5.472625350695688212e+03
5.126285919076910432e+03
4.908265272354971785e+03
4.600897758788354622e+03
4.389588555246011310e+03
3.982149401318240962e+03
3.784237738354821431e+03
3.535800691949974862e+03
3.345041996239782748e+03
3.147038147210064835e+03
3.006456992991171774e+03
2.769770466072540785e+03
2.605120109306443737e+03
2.514029437100941323e+03
2.342983299276475918e+03
2.141703637098705258e+03
2.076891966997119198e+03
1.996350399858406263e+03
1.827019539084501275e+03
1.730685572407182462e+03
1.679953868209945313e+03
1.566548919517983222e+03
1.462781075458950454e+03
1.390774556764507452e+03
1.338442139381421157e+03
1.238528916508520069e+03
1.183213009102795922e+03
1.078730736368868293e+03
1.020714322251587646e+03
9.822594922824173409e+02
9.330953582872485867e+02
8.954200400096675594e+02
8.495009607235909925e+02
7.857259208767188738e+02
7.528471155572426596e+02
7.092056994457338988e+02
6.584400159775570955e+02
6.242119475084789428e+02
5.918700377950009397e+02
5.552075861818213980e+02
5.708381717865127030e+02
5.170869069589929268e+02
4.654504764617532828e+02
4.660820456698473322e+02
4.349677386918069715e+02
4.097277564298298671e+02
3.915272062813897946e+02
3.597551480190906545e+02
3.444518560783855037e+02
3.302274904927664920e+02
3.062579729648972489e+02
2.923851034370255206e+02
2.845027702990878424e+02
2.663567921270941952e+02
2.619395058774554172e+02
2.454165877763279298e+02
2.219980899797437246e+02
2.187122289069453984e+02
2.082919591935719268e+02
1.951071708630736907e+02
1.886143443093899918e+02
1.760335341285422999e+02
1.671565288357346049e+02
1.591630105412261287e+02
1.494133640413114392e+02
1.418390026224568032e+02
1.322400901306308185e+02
1.264632125576572435e+02
1.195877363636063393e+02
1.148722240889255062e+02
1.110436242269907154e+02
1.049420564025240310e+02
1.011339538303633674e+02
9.468125867980401722e+01
8.965107616437313709e+01
8.813063589088716299e+01
8.337162345595756108e+01
7.927238693237067935e+01
7.364938845858733885e+01
7.065331991417704671e+01
6.661819214551687196e+01
6.353409200828798475e+01
6.160497455627209717e+01
5.778004629791934121e+01
5.491938117681864640e+01
5.163012019669842800e+01
5.019024534932049875e+01
4.766775494046012085e+01
4.629972692948022939e+01
4.268405215087961579e+01
4.071310203124819083e+01
4.001057619804512200e+01
3.636120711747099676e+01
3.554037308858276845e+01
3.344283327111558890e+01
3.195017864644743355e+01
3.192031347064398261e+01
2.930301745371493283e+01
2.883913726907271524e+01
2.722350333590070548e+01
2.596714841127596429e+01
2.416998068368429742e+01
2.389579692208970130e+01
2.263306689301979802e+01
2.144873984031270453e+01
2.056021901847284639e+01
2.022863567146969643e+01
1.852288978145024245e+01
1.809312394889467512e+01
1.722448976812155053e+01
1.629636828042346153e+01
1.547375055154941137e+01
1.492102751311104569e+01
1.447167368723458836e+01
1.391637787563350059e+01
1.342581737094262451e+01
1.246921416674514482e+01
1.199792960381720164e+01
1.143501295566483478e+01
1.098183431973380308e+01
1.072540762322746488e+01
1.016507884252948735e+01
9.770472331298320157e+00
9.610387208206290666e+00
8.969092149538191450e+00
8.659059027106787099e+00
8.106808919282151749e+00
8.045676619875667512e+00
7.598006228754367264e+00
7.596532153690380262e+00
7.326469479480119951e+00
6.839233877488500646e+00
6.634417674815762389e+00
6.441106092924600901e+00
6.223345417475778518e+00
5.984483957408152754e+00
5.693630211829001198e+00
5.543713708637728388e+00
5.262627951864948805e+00
5.209149363868554872e+00
4.866302869279639509e+00
4.760628899853657003e+00
4.718534424257198268e+00
4.538339331074887184e+00
4.524569459384274239e+00
4.240199825574930692e+00
4.143251043866166938e+00
4.125951126964860549e+00
4.000414647393518486e+00
3.858819693551674757e+00
3.647609494663572427e+00
3.562728259072169834e+00
3.495664130944104109e+00
3.463568177240650581e+00
3.385245092480337892e+00
3.266365753757617174e+00
3.423981587038303243e+00
3.208134027392397059e+00
3.160809748612633197e+00
3.201764703464718309e+00
