5.022054818376244605e+07
5.039966915323306620e+07
4.971838850611616671e+07
4.280842699736919254e+07
4.252332279307993501e+07
3.958807594887543470e+07
4.074945875648008287e+07
4.080342699132586271e+07
3.747095502421929687e+07
3.460580624399441481e+07
3.424345153220321983e+07
3.071656141925441101e+07
2.930172819957875460e+07
2.673399326980989799e+07
2.309814663842695951e+07
2.030595129317646101e+07
1.911822529494290426e+07
1.820626926984439045e+07
1.519441850220307149e+07
1.335122158525113575e+07
1.171278411426181532e+07
1.056955370350948907e+07
9.301972013441596180e+06
8.203551710712659173e+06
7.445537830509601161e+06
6.104212694397254847e+06
4.964095889357566833e+06
4.750652310660959221e+06
3.815666140478339978e+06
3.709034581778421067e+06
3.171367755029784516e+06
2.553108171181845479e+06
2.175917561081175227e+06
2.020884430180249037e+06
1.588013030542298453e+06
1.434801938703750726e+06
1.258550466901835287e+06
1.106295226721171988e+06
9.724837045186331961e+05
8.970382574538482586e+05
7.530675040631996235e+05
7.011130372748764930e+05
6.215477558254426112e+05
5.747963174548225943e+05
5.288376167468770873e+05
4.720310435103125637e+05
4.226909135436130455e+05
3.847664471692619845e+05
3.465745156317056972e+05
3.187405226288022241e+05
3.111917103028321872e+05
2.896065852430981467e+05
2.593160819986954739e+05
2.411501997536197887e+05
2.182714316990930238e+05
2.146132582228725660e+05
1.977794982123367954e+05
1.747444421733721974e+05
1.611346276227898488e+05
1.572397216766804340e+05
1.471103224408808746e+05
1.380661048902860202e+05
1.238745475017884455e+05
1.222552237506426172e+05
1.117954484950498736e+05
1.049536081096706475e+05
9.758687184655500459e+04
8.890228377260337584e+04
8.525461468051611155e+04
7.880599446053219435e+04
7.646117060329744709e+04
7.139903850215452258e+04
6.797062736789578048e+04
6.293159435655745619e+04
5.649711228167665104e+04
5.636941935761646891e+04
5.022885179653511295e+04
4.679871155607460241e+04
4.344877532563279237e+04
4.075168479390261928e+04
3.894826418447570177e+04
3.595017969366309262e+04
3.482539001518529403e+04
3.209586553137950250e+04
2.923533289206229892e+04
2.844889161241304100e+04
2.679630916890791195e+04
2.553933689964998848e+04
2.317603091503905671e+04
2.205154312031412337e+04
2.098444841857027131e+04
1.998997124853954301e+04
1.861223621000769344e+04
1.663917881837386085e+04
1.630967350850580806e+04
1.543116673223165344e+04
1.448923607743699722e+04
1.378913240109696380e+04
1.248077848448194345e+04
1.200081829532318989e+04
1.119013388710374420e+04
1.068012056230545568e+04
9.745643529832923377e+03
9.450591872069031524e+03
8.529993885792706351e+03
8.263222564124316705e+03
7.864951307073519274e+03
7.391381714167146129e+03
6.972995837728846709e+03
6.505180881933481942e+03
6.087228667217746079e+03
5.737226493258101073e+03
5.437185713814673363e+03
5.120653999376047068e+03
4.823113628394509760e+03
4.513651533357833614e+03
4.295715981888808528e+03
3.962043229506783064e+03
3.694079847885896925e+03
3.625230960106769544e+03
3.435784534059913767e+03
3.098434784282223063e+03
3.074734003371046583e+03
2.889338345133495750e+03
2.666746967501741892e+03
2.641877476668832060e+03
2.486193300323076983e+03
2.237889494524029942e+03
2.124583058736237945e+03
2.012022120429423467e+03
1.934884701205236752e+03
1.824539673185842958e+03
1.732057606908895423e+03
1.601949790745939936e+03
1.498090608516663679e+03
1.426933281286940655e+03
1.360543237698855137e+03
1.283670995320257134e+03
1.231337132072031636e+03
1.136670260333361966e+03
1.104319561161108368e+03
1.052343675661230236e+03
9.798912581704796594e+02
9.112069458137209494e+02
8.842447178285141263e+02
8.595750520532270684e+02
8.133106459792428495e+02
7.558512495304815957e+02
7.270293037509869691e+02
7.018223438707462947e+02
6.643416145334271050e+02
5.996291524479767077e+02
5.787471958029969983e+02
5.464735232123375681e+02
5.232110946278831989e+02
4.932896768646067471e+02
4.604154145464721068e+02
4.370061037648630986e+02
4.251997660716701830e+02
3.954189625278478957e+02
3.837977483880737850e+02
3.679568745916653256e+02
3.431706411588546644e+02
3.335409128759926602e+02
3.063942284343586948e+02
3.034797377259790210e+02
2.848161086410539724e+02
2.696508924703081220e+02
2.512319229698309186e+02
2.418605059463450857e+02
2.278616881309286271e+02
2.223876844370478523e+02
2.061997449265202818e+02
1.968691100362807163e+02
1.941127228507464793e+02
1.766224970862794805e+02
1.715748511287586666e+02
1.633177846735984531e+02
1.522057409764304907e+02
1.496940728842876069e+02
1.410766986934091278e+02
1.307513986543719398e+02
1.266789556300487192e+02
1.204902924214628968e+02
1.134083355197850551e+02
1.105056465137271289e+02
1.038419332144407718e+02
9.949212632568740844e+01
9.467258672915353657e+01
9.078940835218391214e+01
8.654713716061105799e+01
8.342284676385853004e+01
7.807212720370543479e+01
7.434936221121280653e+01
7.091595314312505138e+01
6.823028648965977538e+01
6.481046370979532867e+01
6.167373657471391368e+01
6.031924690161864788e+01
5.646396557751720735e+01
5.413625056104050515e+01
5.133726405518607550e+01
4.786868559783287935e+01
4.645977164523076652e+01
4.459337473852471589e+01
4.360478819807593709e+01
4.120884162554089158e+01
3.856195900626719464e+01
3.844588076362191487e+01
3.529856510800225777e+01
3.540785126321204501e+01
3.286562989431461546e+01
3.151302740977556738e+01
3.005593125039508706e+01
2.867065382420566877e+01
2.748240171013377875e+01
2.625521561320942965e+01
2.578750530099989646e+01
2.422195159460298086e+01
2.345020245148630877e+01
2.287432635009487569e+01
2.162686772630373966e+01
2.099086617971344282e+01
1.989317321547487438e+01
1.951858256344074150e+01
1.845639242377373890e+01
1.774452022494307357e+01
1.687422840541002245e+01
1.639780131360513238e+01
1.587322657960593553e+01
1.528739496264432773e+01
1.513429395845922443e+01
1.395073529678844082e+01
1.359247176332202933e+01
1.343134539667194005e+01
1.294196603710442517e+01
1.236029932730809300e+01
1.206596666746874824e+01
1.135062297101942974e+01
1.127667957876184168e+01
1.096492711187070235e+01
1.069462912608549310e+01
1.055035602191890298e+01
1.005380372594952831e+01
1.014641845783690322e+01
9.474162772722419135e+00
9.148915170752502490e+00
9.167406313860107403e+00
8.749183475799622300e+00
8.796802362154807042e+00
8.318843889950676029e+00
8.558908259438716470e+00
8.078248987990095387e+00
8.055915425693301657e+00
7.893713369143199543e+00
