6.135923151542564680e-03
1.227184630308512936e-02
1.840776945462769404e-02
2.454369260617025872e-02
3.067961575771282340e-02
3.681553890925538808e-02
4.295146206079795276e-02
4.908738521234051744e-02
5.522330836388308212e-02
6.135923151542564680e-02
6.749515466696820454e-02
7.363107781851077616e-02
7.976700097005334777e-02
8.590292412159590552e-02
9.203884727313846326e-02
9.817477042468103487e-02
1.043106935762236065e-01
1.104466167277661642e-01
1.165825398793087220e-01
1.227184630308512936e-01
1.288543861823938652e-01
1.349903093339364091e-01
1.411262324854789807e-01
1.472621556370215523e-01
1.533980787885641239e-01
1.595340019401066955e-01
1.656699250916492394e-01
1.718058482431918110e-01
1.779417713947343826e-01
1.840776945462769265e-01
1.902136176978194981e-01
1.963495408493620697e-01
2.024854640009046414e-01
2.086213871524472130e-01
2.147573103039897569e-01
2.208932334555323285e-01
2.270291566070749001e-01
2.331650797586174440e-01
2.393010029101600156e-01
2.454369260617025872e-01
2.515728492132451311e-01
2.577087723647877304e-01
2.638446955163302743e-01
2.699806186678728182e-01
2.761165418194154175e-01
2.822524649709579614e-01
2.883883881225005608e-01
2.945243112740431046e-01
3.006602344255856485e-01
3.067961575771282479e-01
3.129320807286707917e-01
3.190680038802133911e-01
3.252039270317559350e-01
3.313398501832984788e-01
3.374757733348410782e-01
3.436116964863836221e-01
3.497476196379261659e-01
3.558835427894687653e-01
3.620194659410113092e-01
3.681553890925538530e-01
3.742913122440964524e-01
3.804272353956389963e-01
3.865631585471815956e-01
3.926990816987241395e-01
3.988350048502666834e-01
4.049709280018092827e-01
4.111068511533518266e-01
4.172427743048944260e-01
4.233786974564369698e-01
4.295146206079795137e-01
4.356505437595221131e-01
4.417864669110646569e-01
4.479223900626072008e-01
4.540583132141498002e-01
4.601942363656923440e-01
4.663301595172348879e-01
4.724660826687774873e-01
4.786020058203200311e-01
4.847379289718626305e-01
4.908738521234051744e-01
4.970097752749477182e-01
5.031456984264902621e-01
5.092816215780329170e-01
5.154175447295754608e-01
5.215534678811180047e-01
5.276893910326605486e-01
5.338253141842030924e-01
5.399612373357456363e-01
5.460971604872882912e-01
5.522330836388308350e-01
5.583690067903733789e-01
5.645049299419159228e-01
5.706408530934584666e-01
5.767767762450011215e-01
5.829126993965436654e-01
5.890486225480862092e-01
5.951845456996287531e-01
6.013204688511712970e-01
6.074563920027139519e-01
6.135923151542564957e-01
6.197282383057990396e-01
6.258641614573415834e-01
6.320000846088841273e-01
6.381360077604267822e-01
6.442719309119693261e-01
6.504078540635118699e-01
6.565437772150544138e-01
6.626797003665969577e-01
6.688156235181395015e-01
6.749515466696821564e-01
6.810874698212247003e-01
6.872233929727672441e-01
6.933593161243097880e-01
6.994952392758523319e-01
7.056311624273949867e-01
7.117670855789375306e-01
7.179030087304800745e-01
7.240389318820226183e-01
7.301748550335651622e-01
7.363107781851077061e-01
7.424467013366503609e-01
7.485826244881929048e-01
7.547185476397354487e-01
7.608544707912779925e-01
7.669903939428205364e-01
7.731263170943631913e-01
7.792622402459057351e-01
7.853981633974482790e-01
7.915340865489908229e-01
7.976700097005333667e-01
8.038059328520760216e-01
8.099418560036185655e-01
8.160777791551611093e-01
8.222137023067036532e-01
8.283496254582461971e-01
8.344855486097888519e-01
8.406214717613313958e-01
8.467573949128739397e-01
8.528933180644164835e-01
8.590292412159590274e-01
8.651651643675015713e-01
8.713010875190442261e-01
8.774370106705867700e-01
8.835729338221293139e-01
8.897088569736718577e-01
8.958447801252144016e-01
9.019807032767570565e-01
9.081166264282996003e-01
9.142525495798421442e-01
9.203884727313846881e-01
9.265243958829272319e-01
9.326603190344697758e-01
9.387962421860124307e-01
9.449321653375549745e-01
9.510680884890975184e-01
9.572040116406400623e-01
9.633399347921826061e-01
9.694758579437252610e-01
9.756117810952678049e-01
9.817477042468103487e-01
9.878836273983528926e-01
9.940195505498954365e-01
1.000155473701437980e+00
1.006291396852980524e+00
1.012427320004523068e+00
1.018563243156065834e+00
1.024699166307608378e+00
1.030835089459150922e+00
1.036971012610693466e+00
1.043106935762236009e+00
1.049242858913778553e+00
1.055378782065321097e+00
1.061514705216863641e+00
1.067650628368406185e+00
1.073786551519948729e+00
1.079922474671491273e+00
1.086058397823034039e+00
1.092194320974576582e+00
1.098330244126119126e+00
1.104466167277661670e+00
1.110602090429204214e+00
1.116738013580746758e+00
1.122873936732289302e+00
1.129009859883831846e+00
1.135145783035374389e+00
1.141281706186916933e+00
1.147417629338459699e+00
1.153553552490002243e+00
1.159689475641544787e+00
1.165825398793087331e+00
1.171961321944629875e+00
1.178097245096172418e+00
1.184233168247714962e+00
1.190369091399257506e+00
1.196505014550800050e+00
1.202640937702342594e+00
1.208776860853885138e+00
1.214912784005427904e+00
1.221048707156970448e+00
1.227184630308512991e+00
1.233320553460055535e+00
1.239456476611598079e+00
1.245592399763140623e+00
1.251728322914683167e+00
1.257864246066225711e+00
1.264000169217768255e+00
1.270136092369310798e+00
1.276272015520853564e+00
1.282407938672396108e+00
1.288543861823938652e+00
1.294679784975481196e+00
1.300815708127023740e+00
1.306951631278566284e+00
1.313087554430108828e+00
1.319223477581651371e+00
1.325359400733193915e+00
1.331495323884736459e+00
1.337631247036279003e+00
1.343767170187821769e+00
1.349903093339364313e+00
1.356039016490906857e+00
1.362174939642449401e+00
1.368310862793991944e+00
1.374446785945534488e+00
1.380582709097077032e+00
1.386718632248619576e+00
1.392854555400162120e+00
1.398990478551704664e+00
1.405126401703247208e+00
1.411262324854789973e+00
1.417398248006332517e+00
1.423534171157875061e+00
1.429670094309417605e+00
1.435806017460960149e+00
1.441941940612502693e+00
1.448077863764045237e+00
1.454213786915587781e+00
1.460349710067130324e+00
1.466485633218672868e+00
1.472621556370215412e+00
1.478757479521758178e+00
1.484893402673300722e+00
1.491029325824843266e+00
1.497165248976385810e+00
1.503301172127928353e+00
1.509437095279470897e+00
1.515573018431013441e+00
1.521708941582555985e+00
1.527844864734098529e+00
1.533980787885641073e+00
1.540116711037183839e+00
1.546252634188726383e+00
1.552388557340268926e+00
1.558524480491811470e+00
1.564660403643354014e+00
1.570796326794896558e+00
1.576932249946439102e+00
1.583068173097981646e+00
1.589204096249524190e+00
1.595340019401066733e+00
1.601475942552609277e+00
1.607611865704152043e+00
1.613747788855694587e+00
1.619883712007237131e+00
1.626019635158779675e+00
1.632155558310322219e+00
1.638291481461864763e+00
1.644427404613407306e+00
1.650563327764949850e+00
1.656699250916492394e+00
1.662835174068034938e+00
1.668971097219577704e+00
1.675107020371120248e+00
1.681242943522662792e+00
1.687378866674205335e+00
1.693514789825747879e+00
1.699650712977290423e+00
1.705786636128832967e+00
1.711922559280375511e+00
1.718058482431918055e+00
1.724194405583460599e+00
1.730330328735003143e+00
1.736466251886545908e+00
1.742602175038088452e+00
1.748738098189630996e+00
1.754874021341173540e+00
1.761009944492716084e+00
1.767145867644258628e+00
1.773281790795801172e+00
1.779417713947343715e+00
1.785553637098886259e+00
1.791689560250428803e+00
1.797825483401971347e+00
1.803961406553514113e+00
1.810097329705056657e+00
1.816233252856599201e+00
1.822369176008141745e+00
1.828505099159684288e+00
1.834641022311226832e+00
1.840776945462769376e+00
1.846912868614311920e+00
1.853048791765854464e+00
1.859184714917397008e+00
1.865320638068939552e+00
1.871456561220482318e+00
1.877592484372024861e+00
1.883728407523567405e+00
1.889864330675109949e+00
1.896000253826652493e+00
1.902136176978195037e+00
1.908272100129737581e+00
1.914408023281280125e+00
1.920543946432822668e+00
1.926679869584365212e+00
1.932815792735907978e+00
1.938951715887450522e+00
1.945087639038993066e+00
1.951223562190535610e+00
1.957359485342078154e+00
1.963495408493620697e+00
1.969631331645163241e+00
1.975767254796705785e+00
1.981903177948248329e+00
1.988039101099790873e+00
1.994175024251333417e+00
2.000310947402875961e+00
2.006446870554418727e+00
2.012582793705961048e+00
2.018718716857503814e+00
2.024854640009046136e+00
2.030990563160588902e+00
2.037126486312131668e+00
2.043262409463673990e+00
2.049398332615216756e+00
2.055534255766759077e+00
2.061670178918301843e+00
2.067806102069844165e+00
2.073942025221386931e+00
2.080077948372929253e+00
2.086213871524472019e+00
2.092349794676014341e+00
2.098485717827557107e+00
2.104621640979099872e+00
2.110757564130642194e+00
2.116893487282184960e+00
2.123029410433727282e+00
2.129165333585270048e+00
2.135301256736812370e+00
2.141437179888355136e+00
2.147573103039897457e+00
2.153709026191440223e+00
2.159844949342982545e+00
2.165980872494525311e+00
2.172116795646068077e+00
2.178252718797610399e+00
2.184388641949153165e+00
2.190524565100695487e+00
2.196660488252238252e+00
2.202796411403780574e+00
2.208932334555323340e+00
2.215068257706865662e+00
2.221204180858408428e+00
2.227340104009951194e+00
2.233476027161493516e+00
2.239611950313036282e+00
2.245747873464578603e+00
2.251883796616121369e+00
2.258019719767663691e+00
2.264155642919206457e+00
2.270291566070748779e+00
2.276427489222291545e+00
2.282563412373833867e+00
2.288699335525376632e+00
2.294835258676919398e+00
2.300971181828461720e+00
2.307107104980004486e+00
2.313243028131546808e+00
2.319378951283089574e+00
2.325514874434631896e+00
2.331650797586174662e+00
2.337786720737716983e+00
2.343922643889259749e+00
2.350058567040802071e+00
2.356194490192344837e+00
2.362330413343887603e+00
2.368466336495429925e+00
2.374602259646972691e+00
2.380738182798515012e+00
2.386874105950057778e+00
2.393010029101600100e+00
2.399145952253142866e+00
2.405281875404685188e+00
2.411417798556227954e+00
2.417553721707770276e+00
2.423689644859313042e+00
2.429825568010855807e+00
2.435961491162398129e+00
2.442097414313940895e+00
2.448233337465483217e+00
2.454369260617025983e+00
2.460505183768568305e+00
2.466641106920111071e+00
2.472777030071653392e+00
2.478912953223196158e+00
2.485048876374738480e+00
2.491184799526281246e+00
2.497320722677824012e+00
2.503456645829366334e+00
2.509592568980909100e+00
2.515728492132451422e+00
2.521864415283994187e+00
2.528000338435536509e+00
2.534136261587079275e+00
2.540272184738621597e+00
2.546408107890164363e+00
2.552544031041707129e+00
2.558679954193249451e+00
2.564815877344792217e+00
2.570951800496334538e+00
2.577087723647877304e+00
2.583223646799419626e+00
2.589359569950962392e+00
2.595495493102504714e+00
2.601631416254047480e+00
2.607767339405589802e+00
2.613903262557132567e+00
2.620039185708675333e+00
2.626175108860217655e+00
2.632311032011760421e+00
2.638446955163302743e+00
2.644582878314845509e+00
2.650718801466387831e+00
2.656854724617930597e+00
2.662990647769472918e+00
2.669126570921015684e+00
2.675262494072558006e+00
2.681398417224100772e+00
2.687534340375643538e+00
2.693670263527185860e+00
2.699806186678728626e+00
2.705942109830270947e+00
2.712078032981813713e+00
2.718213956133356035e+00
2.724349879284898801e+00
2.730485802436441123e+00
2.736621725587983889e+00
2.742757648739526211e+00
2.748893571891068976e+00
2.755029495042611742e+00
2.761165418194154064e+00
2.767301341345696830e+00
2.773437264497239152e+00
2.779573187648781918e+00
2.785709110800324240e+00
2.791845033951867006e+00
2.797980957103409327e+00
2.804116880254952093e+00
2.810252803406494415e+00
2.816388726558037181e+00
2.822524649709579947e+00
2.828660572861122269e+00
2.834796496012665035e+00
2.840932419164207356e+00
2.847068342315750122e+00
2.853204265467292444e+00
2.859340188618835210e+00
2.865476111770377532e+00
2.871612034921920298e+00
2.877747958073462620e+00
2.883883881225005386e+00
2.890019804376548151e+00
2.896155727528090473e+00
2.902291650679633239e+00
2.908427573831175561e+00
2.914563496982718327e+00
2.920699420134260649e+00
2.926835343285803415e+00
2.932971266437345736e+00
2.939107189588888502e+00
2.945243112740430824e+00
2.951379035891973590e+00
2.957514959043516356e+00
2.963650882195058678e+00
2.969786805346601444e+00
2.975922728498143766e+00
2.982058651649686531e+00
2.988194574801228853e+00
2.994330497952771619e+00
3.000466421104313941e+00
3.006602344255856707e+00
3.012738267407399473e+00
3.018874190558941795e+00
3.025010113710484561e+00
3.031146036862026882e+00
3.037281960013569648e+00
3.043417883165111970e+00
3.049553806316654736e+00
3.055689729468197058e+00
3.061825652619739824e+00
3.067961575771282146e+00
3.074097498922824911e+00
3.080233422074367677e+00
3.086369345225909999e+00
3.092505268377452765e+00
3.098641191528995087e+00
3.104777114680537853e+00
3.110913037832080175e+00
3.117048960983622941e+00
3.123184884135165262e+00
3.129320807286708028e+00
3.135456730438250350e+00
