2.707210843357171416e+08
2.934170674707271457e+08
2.859751093093808889e+08
2.784910762657140493e+08
3.020588964046415091e+08
3.256174013923130631e+08
2.970121937555074692e+08
2.684415322540296316e+08
2.786709356334680319e+08
2.496556274843331277e+08
2.524212800870292783e+08
2.232413423901593685e+08
2.329066619654433131e+08
2.254037525355803072e+08
2.126508473754976988e+08
2.025977727417969704e+08
2.039141150065258741e+08
2.007411683734086156e+08
1.705160468485662639e+08
1.747153185168313980e+08
1.649502420627245903e+08
1.537664469661629796e+08
1.533396930138482153e+08
1.397735432828666568e+08
1.349821545666652322e+08
1.241465928993268907e+08
1.316172052557692975e+08
1.185256616941595823e+08
1.059410536555191725e+08
9.908574237151935697e+07
9.333581040774543583e+07
9.326828987591259181e+07
8.710052909122262895e+07
7.631867041732105613e+07
7.229251316606986523e+07
6.747074953009670973e+07
6.073850136149466038e+07
5.785657319653686136e+07
5.652513707618142664e+07
5.177956282362958789e+07
4.579329506424821913e+07
4.340044587807271630e+07
3.861127103484538943e+07
3.772413499926422536e+07
3.234295944130149484e+07
3.229026468335602432e+07
2.714695503445284441e+07
2.712949447248276323e+07
2.485127034008900449e+07
2.320097596768091992e+07
2.075069444853731245e+07
1.936412385442909598e+07
1.744041975309383124e+07
1.584378704211671278e+07
1.480367411452960968e+07
1.401102639104390703e+07
1.240415487245482020e+07
1.129155410759351216e+07
1.037138585404809378e+07
9.703181890056097880e+06
8.900135350191200152e+06
8.144118443661063910e+06
7.610492709673607722e+06
7.283420670371726155e+06
6.419527128224129789e+06
6.320335869867639616e+06
5.786828142815855332e+06
5.265483370169693604e+06
5.001974774720599875e+06
4.533909615082596429e+06
4.300523528728845529e+06
4.154619297137934715e+06
3.938851679318924434e+06
3.631614627486930229e+06
3.470947531090809964e+06
3.244502215884901583e+06
3.081643056980315596e+06
2.960164001471957657e+06
2.683213767924548592e+06
2.625447233804563526e+06
2.394846438457585406e+06
2.395303708998564165e+06
2.366848856341091916e+06
2.140865296272964217e+06
2.106925872826324310e+06
1.948162940532956272e+06
1.891367436274867505e+06
1.823678201158965705e+06
1.742255832043666858e+06
1.681995961852284847e+06
1.616222446523081977e+06
1.539852836979508866e+06
1.460538293199207867e+06
1.408957209648934426e+06
1.347601595064555760e+06
1.352446744328509318e+06
1.267584466733699432e+06
1.241317282329992857e+06
1.162807432864407310e+06
1.137820908258446492e+06
1.098479631330269156e+06
1.039219458883505897e+06
9.988787345623022411e+05
9.910548776857474586e+05
9.319907825512990821e+05
9.130123463303374592e+05
8.884243726500829216e+05
8.588198006648939336e+05
8.143083439062195830e+05
7.820968954607362393e+05
7.755174479146862868e+05
7.226947076663229382e+05
7.181697644501778996e+05
6.969054212087474298e+05
6.617762394188435283e+05
6.265698599321198417e+05
6.026251515837109182e+05
6.092624218298237538e+05
5.818165849031659309e+05
5.539873160837406758e+05
5.302455659147308907e+05
5.184007922701306525e+05
5.091149839192883228e+05
4.893005025667056325e+05
4.578033398261902621e+05
4.565914978840231779e+05
4.470537761877839221e+05
4.467524332305023563e+05
4.096682463108681841e+05
3.885828205440382008e+05
3.862334120610136306e+05
3.572455924497288070e+05
3.587973814178107423e+05
3.554006052111778990e+05
3.406020829202350578e+05
3.232870496626071399e+05
3.047097660551312729e+05
2.952189972028988996e+05
2.957567084574001492e+05
2.785529380618170835e+05
2.712699713706535404e+05
2.672299252269127173e+05
2.582958249493753538e+05
2.454767021462120465e+05
2.393340626849990222e+05
2.311708286613138916e+05
2.220975580635100196e+05
2.178429987561088055e+05
2.104564057771939260e+05
2.014032538893725141e+05
1.896771996461909439e+05
1.898367225563278480e+05
1.847457980975807295e+05
1.749518922814118559e+05
1.697690923476199678e+05
1.644832339882115193e+05
1.634764187712604762e+05
1.533208837554254860e+05
1.507323601021584473e+05
1.400389209670958226e+05
1.388720618340605870e+05
1.356253976965997135e+05
1.300640662035446585e+05
1.280932271315034013e+05
1.221030123357971024e+05
1.194875122008151666e+05
1.118499282132312655e+05
1.117211886916300573e+05
1.059405225393787259e+05
1.044527770012072433e+05
1.018555522599881951e+05
9.721351709866555757e+04
9.425664148135762662e+04
9.005690748730269843e+04
8.722573510356707266e+04
8.478971738226237358e+04
8.448321588676511601e+04
7.834340441982282209e+04
7.912322173054005543e+04
7.611474401787793613e+04
7.251944231803098228e+04
7.149650197025673697e+04
6.858458840871712891e+04
6.588259438990001217e+04
6.439682794783212012e+04
6.259769968982528371e+04
5.856879526962615637e+04
5.862524445539559383e+04
5.607873219475180667e+04
5.504725849773346272e+04
5.367903642688059335e+04
5.120500750959531433e+04
4.982653114455487957e+04
4.881238817747742723e+04
4.726869159478437359e+04
4.497847461878305330e+04
4.417309188271050516e+04
4.307786139456919045e+04
4.157765976358424086e+04
3.990735334669912118e+04
3.843332246476701403e+04
3.800925046896296408e+04
3.710287110023933928e+04
3.577998078902740963e+04
3.426826831450455938e+04
3.341172818262071087e+04
3.287021221298845194e+04
3.167792544091491072e+04
3.038134137379239473e+04
3.013059447266217467e+04
2.857372309847012002e+04
2.799625884716095243e+04
2.739007284164962039e+04
2.662272905442513729e+04
2.525663332419815561e+04
2.459155167435143812e+04
2.397519501603427125e+04
2.254199696480949569e+04
2.265401130097313580e+04
2.187490002546427058e+04
2.116904937788752795e+04
2.023435631231113803e+04
2.019403528901664686e+04
1.908983492316241609e+04
1.890996262790016044e+04
1.843228825875930852e+04
1.766136532260431341e+04
1.746908501500322745e+04
1.664760845020053603e+04
1.625174928831266516e+04
1.583014759143365336e+04
1.557513598332390029e+04
1.486866620257813520e+04
1.427144217134981227e+04
1.437562570952689930e+04
1.394376445734270055e+04
1.327348888800229543e+04
1.275337379019928267e+04
1.263232785534851610e+04
1.232789875449013016e+04
1.191332310612031870e+04
1.164907161586232542e+04
1.137093833720061593e+04
1.077205061440579266e+04
1.075702619992393011e+04
1.044161513280793224e+04
1.008830593596860490e+04
9.664078047005825283e+03
9.372421150596890584e+03
9.266186461003064323e+03
8.970945908947080170e+03
8.920695435157456814e+03
8.521147826073773103e+03
8.385984830282486655e+03
8.071384310304328210e+03
7.834406298103638619e+03
7.669810389237473828e+03
7.501390560490326607e+03
7.304344741451061964e+03
6.978157950650856947e+03
6.639219383999081401e+03
6.583426814572708281e+03
6.421379997380182431e+03
6.339796824709925204e+03
5.986673737389824055e+03
5.941478377343157263e+03
5.702988091503257237e+03
5.593076915327868846e+03
5.307733859988072254e+03
5.296101092427421463e+03
5.116417098144735064e+03
5.013573378111689635e+03
4.778408962473766223e+03
4.733869000920230064e+03
4.587777561395700104e+03
4.448815786871791715e+03
4.269699564172808095e+03
4.236313901980154697e+03
4.221773635840222596e+03
4.030074088475740609e+03
3.979998183771793265e+03
3.801465756780346510e+03
3.719028000816640088e+03
3.634687996216562169e+03
3.468458317944092414e+03
3.396696010136821315e+03
3.274980562961166925e+03
3.237591725192796730e+03
3.156230639015447196e+03
3.125674140465743221e+03
3.014356509126217588e+03
2.874848756570337173e+03
2.872524375023720040e+03
2.787249780744002237e+03
2.678395340145183582e+03
2.641304446749568797e+03
2.530297302477923495e+03
2.491150349154816467e+03
2.341151147036969633e+03
2.315565250088690391e+03
2.298502319912267012e+03
2.187386936551521558e+03
2.187505719693610445e+03
2.105362443827504649e+03
2.026000262861238298e+03
2.001716162149788943e+03
1.956131026185621067e+03
1.951581731422285884e+03
1.833435838255211593e+03
1.813256750473320380e+03
1.752675711507937422e+03
1.706471188446643737e+03
1.687540039773756234e+03
1.612136307712602957e+03
1.603795489684262066e+03
1.568716869845291740e+03
1.472601324294806773e+03
1.476407384932596869e+03
1.419945361514699016e+03
1.399900426381168018e+03
1.325979045288027464e+03
1.319097222210097925e+03
1.274096645711947758e+03
1.273387204905103772e+03
1.215178313459708534e+03
1.178349465562939713e+03
1.157460382697015575e+03
1.128736911841511528e+03
1.110842275960997085e+03
1.063887977695555264e+03
1.040189700542692208e+03
1.011531156564720391e+03
9.800734911814303132e+02
9.584823601079051514e+02
9.566313258720274462e+02
9.156578448900278318e+02
9.007828756620244803e+02
8.649511977697723069e+02
8.553070261566159616e+02
8.276684352514843113e+02
8.224152492792803741e+02
7.934363572087030434e+02
7.628419204556668092e+02
7.535779134387257727e+02
7.300882725165549800e+02
7.217542288508280990e+02
7.077193698920900715e+02
6.818015162111800009e+02
6.637649466819194686e+02
6.441210429907436037e+02
6.402662821992013278e+02
6.176396790493650997e+02
6.059867064325591173e+02
5.868936768177488830e+02
5.751461927887810361e+02
5.545541466762733762e+02
5.468279830505882728e+02
5.282772338649028825e+02
5.255344197239828645e+02
4.991989593039447755e+02
4.926735825095207701e+02
4.895134699854385190e+02
4.766352566771064403e+02
4.550481299018829304e+02
4.498921021505632893e+02
4.396598773594631666e+02
4.258897427446989923e+02
4.141965767095088040e+02
4.117556370376155428e+02
3.987781475339112376e+02
3.896336800609961983e+02
3.779927476104651873e+02
3.674999847547288141e+02
3.560774739652850940e+02
3.568081624961233729e+02
3.463134995138415775e+02
3.335168915411285298e+02
3.306858524866367475e+02
3.201133229375360543e+02
3.114943984563529966e+02
3.047316007971842282e+02
2.998797940484061542e+02
2.952395553102593908e+02
2.885101690033303043e+02
2.804986018398661258e+02
2.713841202011491305e+02
2.655076878667720166e+02
2.585386186276944045e+02
2.535271140239867123e+02
2.475898563413519753e+02
2.378707151364638435e+02
2.363938765302572733e+02
2.314964976915804016e+02
2.255932952521487493e+02
2.210893758200039088e+02
2.108169146190220999e+02
2.101495301692793873e+02
2.038115668221992962e+02
2.000563363759133040e+02
1.961718850447605575e+02
1.903494550278227564e+02
1.875209151951867170e+02
1.829314645700399069e+02
1.782877559144601491e+02
1.748124524036385026e+02
1.697663869593638992e+02
1.648403987860545215e+02
1.609195156332036447e+02
1.610691087350587054e+02
1.575762996875795352e+02
1.504798653418365006e+02
1.493614247714994576e+02
1.439309768268521168e+02
1.432156663259241896e+02
1.387938820627107930e+02
1.362866452404875872e+02
1.319537373811576799e+02
1.309918619104842037e+02
1.274279431317381039e+02
1.241676426152664874e+02
1.225130307333726307e+02
1.201847920288835212e+02
1.147166482455944987e+02
1.128330576675549537e+02
1.128285445890787742e+02
1.070825530282911586e+02
1.056261379486043950e+02
1.056971129871567143e+02
1.016742848222528153e+02
1.020696525463087596e+02
9.981636936744831701e+01
9.563499232417625251e+01
9.367331166559993960e+01
9.168012803331006921e+01
8.946791939662084303e+01
8.817584034023442996e+01
8.736075113595325092e+01
8.692969696277488367e+01
8.366215912614293870e+01
8.184212951279648962e+01
8.012875308082482206e+01
7.734161502546386657e+01
7.808297119308028300e+01
7.463878022769968368e+01
7.344916530605848948e+01
7.291034602558100630e+01
7.050747840004257228e+01
6.985377341387436445e+01
6.797888001500781741e+01
6.707183558692648262e+01
6.545005658429407447e+01
6.501942794134936321e+01
6.289262386900347934e+01
6.186961640260532391e+01
6.078314023932728105e+01
5.860870056528368366e+01
5.852054201934974031e+01
5.765022279363332558e+01
5.619878383514345899e+01
5.543017103034138415e+01
5.426046817229823915e+01
5.300743840727235323e+01
5.232313755150944701e+01
5.096618867729175406e+01
5.095453803579950858e+01
4.973100736215880602e+01
4.879808560328258693e+01
4.740338791209471481e+01
4.708823554315338100e+01
4.651885093080850453e+01
4.555654541813883895e+01
4.536565471825245055e+01
4.398403179387476314e+01
4.351653772593212466e+01
4.328910416697427621e+01
4.225925771738909731e+01
4.166366248495461377e+01
4.040302906622721935e+01
3.972379122893823933e+01
3.933168373328710032e+01
3.932954171797636889e+01
3.829860688830869009e+01
3.779319740024171637e+01
3.840217435265648049e+01
3.696149738121873440e+01
3.554895103569470649e+01
3.556405187957513192e+01
3.469832044706344476e+01
3.448364580149029734e+01
3.351528703685800537e+01
3.307143994385017294e+01
3.306961949291633118e+01
3.258077204047847175e+01
3.281660512140417296e+01
3.166829673218378360e+01
3.236667679040597534e+01
3.100684213525838828e+01
3.103986588780905009e+01
3.040550853624701588e+01
2.991511627089699843e+01
3.044227299119787489e+01
2.922117001757654720e+01
2.986637529710489503e+01
2.869988648496382666e+01
2.878469315999043943e+01
2.878802286089783280e+01
2.807761888697294950e+01
2.833268462266044452e+01
2.797143594040627335e+01
2.769589374314931618e+01
2.739396673088396739e+01
