1.045947251711398363e+09
1.199071512673736811e+09
1.135773767062143564e+09
1.068692257427609205e+09
1.095614663782119513e+09
1.127495977662811995e+09
1.033439003704773903e+09
8.887738101624708176e+08
8.543784285919278860e+08
7.135010504276700020e+08
6.583512993393700123e+08
5.620292156379518509e+08
5.222050536577115059e+08
4.771312081789113283e+08
4.010537315947515368e+08
3.605553094666678309e+08
3.262917541306152940e+08
2.815709774450882673e+08
2.332927525205554068e+08
1.959839805814629495e+08
1.715915968721906245e+08
1.456518058367649615e+08
1.201998443726911247e+08
1.010321450647944808e+08
8.976238159577265382e+07
8.007707871854597330e+07
6.578329557359884679e+07
5.681954982573208958e+07
4.939067540764990449e+07
4.022487720966176689e+07
3.515671829682072997e+07
3.265928759352899343e+07
2.924569036067949980e+07
2.455854768686363846e+07
2.245138405261909589e+07
2.025617276470197737e+07
1.828051237231313437e+07
1.488496684454641864e+07
1.508095543575906195e+07
1.328975802509828471e+07
1.241703180096358620e+07
1.070801135721598938e+07
1.028754660876120254e+07
1.000276809326827340e+07
9.760763127863012254e+06
8.666286632653962821e+06
7.942263382513443008e+06
7.380523168802022934e+06
7.249867437499895692e+06
6.704707643308574334e+06
6.143106664066739380e+06
5.762175888995835558e+06
5.497463041983910836e+06
5.092505693805547431e+06
4.961484745117435232e+06
4.873859009792966768e+06
4.446007615786978975e+06
4.213099385877212510e+06
3.904343796091148164e+06
3.725439656165849417e+06
3.618949274743543472e+06
3.378547082527259830e+06
3.244258008408827707e+06
2.921377510129003786e+06
2.910775089886755217e+06
2.770910707410485484e+06
2.592655858891292475e+06
2.478819092541341670e+06
2.439999969216157217e+06
2.297891974891402293e+06
2.225953121206080541e+06
2.072095237046827795e+06
1.962338881274953485e+06
1.839734920109269675e+06
1.852015908324442338e+06
1.772845362455305411e+06
1.692094506108192727e+06
1.588240344147033989e+06
1.480955956713036634e+06
1.411673969324597390e+06
1.411931832661882043e+06
1.317590957436466822e+06
1.245817950359548908e+06
1.236020251007675426e+06
1.138797239018155262e+06
1.088705319418352330e+06
1.061639347224658122e+06
1.024279697398556396e+06
9.721946919619769324e+05
8.919351457004171098e+05
8.789941654666357208e+05
8.264104989213135559e+05
7.818476673386653420e+05
7.521680762769023422e+05
7.237632440701569431e+05
7.188972761051306734e+05
6.540890637669990538e+05
6.349569435366982361e+05
6.145793501203253400e+05
5.914790793831085321e+05
5.830779368755887263e+05
5.493602526380163617e+05
5.264819215869498439e+05
4.890458692801482975e+05
4.851496785262285848e+05
4.611666193071778980e+05
4.431717755306828767e+05
4.371483659504512325e+05
4.117359240684510441e+05
3.991012593850571429e+05
3.825747225543783861e+05
3.680914810412287479e+05
3.623892880631544394e+05
3.447850981935717864e+05
3.250286087848863099e+05
3.142343183747148723e+05
3.039613220664914697e+05
2.985275908622172428e+05
2.801586884212590521e+05
2.815262272545718006e+05
2.605048379192537977e+05
2.558544422688346822e+05
2.451462336761514598e+05
2.379385791637722286e+05
2.344760863668906386e+05
2.166078630812453048e+05
2.117358398352764198e+05
1.994256431835325784e+05
1.952259573835983756e+05
1.931559578749631764e+05
1.900193990230234631e+05
1.780901688592784922e+05
1.702407395905149460e+05
1.628308169105978159e+05
1.555399925053380430e+05
1.530781461462927691e+05
1.497412082146737375e+05
1.466812302487100242e+05
1.387076468522946234e+05
1.329510191547143331e+05
1.310675533464549808e+05
1.298375733740331634e+05
1.215286015969723958e+05
1.181756170966280915e+05
1.164823248256841907e+05
1.076191414897921059e+05
1.056851978062375274e+05
1.015699080158211000e+05
1.004158750274237391e+05
9.606508704921205936e+04
9.378661921555644949e+04
8.920645769075972203e+04
8.785347087775441469e+04
8.827724710798876185e+04
8.064017073264457576e+04
7.894945255136545165e+04
7.715812536746522528e+04
7.486634440475168230e+04
7.151624673148246075e+04
6.940849064977261878e+04
6.751989885132793279e+04
6.524604912554907787e+04
6.129916728837582195e+04
6.070490299112761568e+04
5.896400104391217610e+04
5.604634870527278690e+04
5.435263541247053945e+04
5.391604916414646141e+04
5.184449894287266943e+04
4.912094725881600607e+04
4.813595552957553446e+04
4.612256380317008006e+04
4.477601800355882006e+04
4.316179868595304288e+04
4.268754048473632429e+04
4.193740512775186653e+04
3.902163441456323199e+04
3.902985423233862821e+04
3.687872491239252122e+04
3.626304463411158940e+04
3.555125375962538237e+04
3.364670174372457404e+04
3.275480855787198379e+04
3.199139838910040999e+04
3.151017603978691113e+04
2.924116980709238123e+04
2.955491524709760415e+04
2.812294267162247706e+04
2.732602556517015182e+04
2.638865393995909108e+04
2.524560751697723390e+04
2.537125134352319219e+04
2.430635212853660778e+04
2.354164906360233363e+04
2.285276968049594871e+04
2.239421398613815836e+04
2.158689763081655474e+04
2.070975503668896999e+04
2.052546724705379529e+04
1.967725276650542946e+04
1.891150748834006663e+04
1.861342937509795229e+04
1.811986516340807430e+04
1.755441174175768901e+04
1.679327540624423273e+04
1.628569657260404711e+04
1.607246472912892386e+04
1.547409480280450407e+04
1.461706724689826297e+04
1.456948892940941732e+04
1.423927218657872800e+04
1.354317180999735683e+04
1.348287986966577591e+04
1.282492423627788594e+04
1.261250787146749462e+04
1.217853283013571127e+04
1.156262613704410433e+04
1.127490131856016887e+04
1.108282478646518030e+04
1.073648852503224589e+04
1.045009811122537030e+04
1.012112352003403430e+04
1.005412664368569858e+04
9.607252251038296890e+03
9.167514579543390937e+03
9.045114071785921624e+03
8.867341655507461837e+03
8.533552989296866144e+03
8.320130842760521773e+03
7.973650902616844178e+03
7.783411470114505391e+03
7.728028617838192076e+03
7.441909701313472397e+03
7.201699773873248887e+03
7.047687865955386769e+03
6.708388628636425892e+03
6.532007948762925480e+03
6.461780098257671852e+03
6.158823757257074249e+03
6.252218994084747465e+03
5.829471820950411711e+03
5.742769652453999697e+03
5.573113563193627670e+03
5.439569752345189954e+03
5.273230619407243466e+03
4.985317010774042501e+03
4.995629190458679659e+03
4.748789584327665580e+03
4.716495683556483527e+03
4.484403909471059706e+03
4.357751563570042890e+03
4.333149936059846368e+03
4.222790668459915651e+03
3.992150939550228941e+03
4.027757567265533908e+03
3.847052151958948343e+03
3.771280192713044471e+03
3.638810962548391217e+03
3.564990158275460089e+03
3.482052433230071529e+03
3.357257516620594743e+03
3.192617015751332474e+03
3.119863096018837041e+03
3.093628583861343031e+03
2.970114904534240395e+03
2.900175686068474533e+03
2.787008203295073145e+03
2.785456239921946690e+03
2.691012343933348347e+03
2.632105574983807855e+03
2.574994325298231161e+03
2.519229372280008647e+03
2.443079840384184536e+03
2.274898730294625238e+03
2.292593104191334533e+03
2.197190463008350889e+03
2.137653717611974116e+03
2.077843602678604839e+03
2.014646509272180992e+03
1.981807944209499055e+03
1.935963752805804006e+03
1.919306362396808709e+03
1.841278552467207874e+03
1.809097097361597207e+03
1.744213806801453302e+03
1.695933669066786479e+03
1.632912425268228617e+03
1.609989871618020516e+03
1.537558462276326054e+03
1.507864340932358800e+03
1.468118129374763612e+03
1.451604353573936123e+03
1.385252625606106903e+03
1.355147990900234845e+03
1.306122899198830282e+03
1.308723693654158978e+03
1.241514352871721258e+03
1.243099454761337711e+03
1.190207363354161998e+03
1.146186788504048536e+03
1.135550922157528248e+03
1.103563332202884112e+03
1.096070491078272880e+03
1.044480441142823793e+03
1.019618434251783583e+03
9.788802349226003798e+02
9.619380279346918314e+02
9.459800858268096135e+02
9.279741665157882835e+02
8.904068165010634175e+02
8.797773382224952456e+02
8.484529568222590115e+02
8.345340999903862667e+02
7.986000321938885236e+02
7.687202419570029406e+02
7.683959796536458953e+02
7.462442927086173086e+02
7.340441077336859053e+02
7.184208981151837179e+02
7.011554458598568544e+02
6.760346362627645931e+02
6.576948656382635363e+02
6.432230997360527454e+02
6.269299753196555685e+02
6.083986938567038578e+02
5.879374719471785511e+02
5.786585493313384632e+02
5.566497261045038840e+02
5.479522309551508670e+02
5.260143104954188402e+02
5.254512377645360175e+02
5.080486114876010220e+02
4.932638560685591074e+02
4.806607088657692657e+02
4.680288845249566521e+02
4.599592224790480941e+02
4.446599182459014514e+02
4.382944461709864186e+02
4.296572535270983053e+02
4.035825840065484726e+02
4.019052415038190702e+02
3.971812711218998402e+02
3.798459238201604649e+02
3.824509247436089936e+02
3.621209714301141958e+02
3.627990341914456849e+02
3.530201442761767794e+02
3.381117405774106146e+02
3.327240700172687298e+02
3.208586212475645425e+02
3.201030722282460488e+02
3.121466364637724951e+02
2.981454161338457425e+02
2.951389332952864493e+02
2.822001932371133535e+02
2.856748154641653628e+02
2.646135335138134224e+02
2.692362818413963623e+02
2.629603183313273576e+02
2.526012472505252049e+02
2.475149064513302619e+02
2.396944635994892110e+02
2.403803607033984520e+02
2.305767774501288443e+02
2.262656595810484816e+02
2.201485428469677572e+02
2.144965359942519569e+02
2.079094268068400595e+02
2.011639159440584308e+02
1.968422731570612427e+02
1.950427683487864954e+02
1.882789208539438732e+02
1.874122434103757371e+02
1.751224307090530488e+02
1.733432720074374913e+02
1.758673619996785931e+02
1.664780841272580574e+02
1.635478809875980062e+02
1.598616185431910708e+02
1.598404207182921368e+02
1.527737085801207968e+02
1.512386030024132992e+02
1.462575947396174172e+02
1.433354584379513881e+02
1.402521050950066694e+02
1.336740756555972780e+02
1.308036163162319099e+02
1.277510504811355361e+02
1.270584053171144205e+02
1.257501996442214960e+02
1.197029730308539968e+02
1.181195124958140212e+02
1.158464024559423251e+02
1.148384347577902247e+02
1.108242074499153915e+02
1.084052792190916108e+02
1.038367087013207311e+02
1.019009722073484312e+02
1.010306997724653399e+02
1.012619473963391528e+02
9.513192937812803507e+01
9.530591325036917283e+01
9.192997230543785747e+01
9.087140675265293055e+01
8.793666370810520050e+01
8.583949629352601107e+01
8.295919848704917854e+01
8.205645776328643137e+01
8.102673184592768507e+01
7.817985576541192927e+01
7.452078479257210120e+01
7.569667606082353473e+01
7.407271559117350535e+01
7.201378048066499105e+01
7.034516923518633291e+01
6.831953127394892533e+01
6.736419553977894736e+01
6.724682419606699568e+01
6.515534686300578926e+01
6.212150399711456572e+01
6.284181563267942749e+01
5.990530434773872059e+01
5.896151482126781218e+01
5.749706126447606636e+01
5.610082882036304142e+01
5.482468628419566414e+01
5.419890455317554512e+01
5.252036417253304990e+01
5.141888194234347509e+01
5.044642054982390533e+01
5.007996615474965552e+01
4.868210465672409981e+01
4.839857197186830717e+01
4.655050081937129391e+01
4.658727163331337096e+01
4.430508701228868773e+01
4.373052783373076124e+01
4.325859427982473449e+01
4.188679605003609652e+01
4.068298156788016229e+01
4.086093233120351442e+01
4.013086192917273820e+01
3.849224263800947199e+01
3.780793442651127378e+01
3.808168325906087404e+01
3.656617086007359774e+01
3.582866353937431114e+01
3.597389075874033182e+01
3.361453748348569803e+01
3.445964945218587161e+01
3.253089675361849942e+01
3.263739612611705354e+01
3.150439247806386334e+01
3.119857433477470110e+01
3.101427271031007393e+01
3.051004104559168084e+01
3.009085192631235373e+01
2.924424356119276780e+01
2.860727114436513219e+01
2.876052948012708654e+01
2.746399579137265690e+01
2.696408615789700747e+01
2.670405897573704834e+01
2.591941268943500631e+01
2.609597444490120921e+01
2.532013055781387578e+01
2.540458591866504889e+01
2.454797420598881885e+01
2.387514626080703195e+01
2.314725297843596508e+01
2.308800576460225074e+01
2.259996679569449896e+01
2.213758209046068970e+01
2.224155467993777080e+01
2.150804262430476399e+01
2.149283194261552055e+01
2.129202780549702467e+01
2.074972400747088486e+01
2.074460754026309317e+01
2.000239805632214996e+01
2.018963226327716853e+01
1.952455108837326492e+01
1.922100122064100702e+01
1.904700916715723480e+01
1.868251817103609724e+01
1.861290578493691328e+01
1.778353224520854781e+01
1.780321626715685568e+01
1.787491361417989566e+01
1.732551103669267434e+01
1.679962109527135894e+01
1.713777186830775534e+01
1.684192879613339144e+01
1.663527693737425039e+01
1.649696077941542427e+01
1.628886812943429874e+01
1.628213282889625546e+01
1.573563941520665210e+01
1.589683440473998211e+01
1.537527385632224153e+01
1.547438073527997560e+01
1.505664926955473959e+01
1.522582532154356194e+01
1.488494415430387008e+01
1.482980916897747115e+01
1.472274668295661115e+01
1.433020999216076596e+01
1.427510374725547138e+01
1.433856248942661082e+01
1.448586825638588138e+01
1.384140046216136888e+01
