1.135562873378332376e+09
1.299768044883027554e+09
1.237428269958128691e+09
1.166196719431912899e+09
1.180187941690515518e+09
1.209605299008261442e+09
1.097297040955850601e+09
9.397884494516788721e+08
8.969581383160251379e+08
7.437966002479280233e+08
6.814447064691772461e+08
5.763283285034010410e+08
5.295501776740652323e+08
4.817065340464515686e+08
3.994666462395107746e+08
3.595733172926285267e+08
3.182544750788148642e+08
2.716880552851559520e+08
2.247416067267745435e+08
1.851948881065879762e+08
1.610331682439098656e+08
1.364013967874053121e+08
1.107993576976495683e+08
9.256042718723617494e+07
8.247652667878134549e+07
7.280294677146156132e+07
5.875598157589218765e+07
5.143205496186016500e+07
4.431192524105770886e+07
3.648470828544259816e+07
3.199746047450022772e+07
2.954131970002833754e+07
2.677813165790268034e+07
2.272610163809660822e+07
2.069719330324675888e+07
1.898143340020599961e+07
1.717512955574319512e+07
1.403168533625709638e+07
1.421497770846596360e+07
1.282545954121365026e+07
1.189202622096009925e+07
1.035405319445561990e+07
9.924183492023644969e+06
9.715473008953809738e+06
9.291098504871925339e+06
8.263164992823921144e+06
7.703834589378838427e+06
7.055714541568596847e+06
6.978305679600340314e+06
6.402705934412756935e+06
5.957856206843385473e+06
5.518956839427090250e+06
5.345474913671357557e+06
4.916519459368618205e+06
4.818805206053190865e+06
4.763118678393493406e+06
4.274198681126991287e+06
4.069938325151887722e+06
3.807702194017485715e+06
3.604609478128280491e+06
3.524853844701530878e+06
3.266300897057698574e+06
3.084345384907132946e+06
2.855363071937131230e+06
2.817423379183684476e+06
2.708499605935828295e+06
2.499095742984867655e+06
2.381163400365626905e+06
2.339062967398737557e+06
2.213725304139183369e+06
2.128118543392466847e+06
2.016813604155567940e+06
1.879026466513060033e+06
1.758580327508188784e+06
1.752469628309377702e+06
1.678596232240860583e+06
1.622624591174288187e+06
1.523705471446927637e+06
1.421707248918814585e+06
1.356534848934370559e+06
1.339965526601215824e+06
1.280304025428384775e+06
1.180184177713131765e+06
1.181752005925255828e+06
1.057400516529888380e+06
1.048933240079347743e+06
1.001966028285626671e+06
9.752606985248975689e+05
9.259741568667937536e+05
8.582043665206745500e+05
8.300334700821074657e+05
7.843346810699428897e+05
7.556809176278497325e+05
7.212105921387905255e+05
6.967972842843561666e+05
6.808040706839270424e+05
6.216134850293025374e+05
5.998989304895851528e+05
5.881850368855881970e+05
5.669757925084840972e+05
5.586738187241310952e+05
5.237780882560590981e+05
5.039650906604933552e+05
4.707780596527688904e+05
4.628857523617435945e+05
4.315736433988517965e+05
4.216827976741517778e+05
4.233854654213010217e+05
3.922438871068766457e+05
3.830493973706698744e+05
3.641089469102869043e+05
3.561395816993018379e+05
3.432572007194043836e+05
3.317047399264419219e+05
3.097941074980007252e+05
3.004125146992572700e+05
2.955025663481218508e+05
2.870559400315522216e+05
2.694396774865618208e+05
2.695250845376958605e+05
2.485320004332195094e+05
2.472854998554768972e+05
2.351505916318170202e+05
2.275443005683449446e+05
2.185092351322055329e+05
2.132050533301170799e+05
2.012138615217694023e+05
1.955867247050857986e+05
1.920772898927584756e+05
1.829096731406179606e+05
1.792216048543503275e+05
1.730100823738615436e+05
1.634480867052781396e+05
1.563244431226149900e+05
1.494801991935141268e+05
1.463607375086035754e+05
1.438576209248869563e+05
1.393713491417845653e+05
1.329168432677375968e+05
1.266512263918449607e+05
1.249166032451121137e+05
1.214506182749606669e+05
1.182455294165233790e+05
1.148853485333032004e+05
1.115654607083545998e+05
1.038070797932521673e+05
1.016042382607101899e+05
9.771994266099385277e+04
9.655315456260275096e+04
9.080014314292329072e+04
9.118045006508560618e+04
8.549746901091099426e+04
8.323015907105384395e+04
8.353267437120710383e+04
7.744512871314314543e+04
7.437678035717748571e+04
7.297804778085050930e+04
7.063951819095460814e+04
6.888936447645878070e+04
6.624846531423451961e+04
6.441255132545410743e+04
6.136081179729123687e+04
5.869030387559562223e+04
5.838923964477856498e+04
5.496476374969831522e+04
5.395339817622923147e+04
5.173785021009112825e+04
5.119896243222327757e+04
4.909942686141676677e+04
4.890534097031285637e+04
4.576933742393577995e+04
4.465197370347887045e+04
4.355884003527555615e+04
4.129777155781259353e+04
4.089799075621219527e+04
3.962304728481480561e+04
3.715837954709114274e+04
3.705213684191693028e+04
3.541627672915517178e+04
3.487185758914826147e+04
3.386397120653835736e+04
3.246168655875510740e+04
3.101647188153188472e+04
3.073434122919925721e+04
3.064868147262034472e+04
2.860317049107743151e+04
2.845416553793095954e+04
2.680386048119264888e+04
2.640721063437858902e+04
2.534466763935583731e+04
2.417175233674019546e+04
2.449903344966407167e+04
2.289778225436642242e+04
2.279382767567622795e+04
2.150983074787776059e+04
2.105346517777186818e+04
2.058057763590991453e+04
1.981769036533925100e+04
1.969787298228732834e+04
1.886125325711063488e+04
1.823547827124803734e+04
1.731446737089737144e+04
1.753209373452063301e+04
1.681135620553961780e+04
1.606281716061618863e+04
1.555574219861243910e+04
1.523881924049769259e+04
1.472638186397313621e+04
1.420694258854287546e+04
1.389697307563680261e+04
1.384926043685261720e+04
1.295528785415281527e+04
1.284935489764476188e+04
1.224435328397729245e+04
1.192833793943591627e+04
1.143872548265097794e+04
1.117077951201426913e+04
1.081094418342287281e+04
1.059172924951136156e+04
1.032688230406464754e+04
1.027264044909622135e+04
9.680327480860776632e+03
9.537327616534405024e+03
9.150372315685161084e+03
8.939012757733715262e+03
8.732155005815428012e+03
8.570937954286302556e+03
8.134656390503505463e+03
7.902613186848505393e+03
7.675077914817935380e+03
7.401622161796134606e+03
7.458386813793011243e+03
7.198829416029478125e+03
6.915307715673804523e+03
6.621891709058589186e+03
6.391638015291358897e+03
6.288070620411943310e+03
5.994519581290249334e+03
5.937155592870425608e+03
5.926821688151836497e+03
5.677092729744234020e+03
5.489230633823340213e+03
5.397563241085151276e+03
5.221254895137200037e+03
4.943359406072264392e+03
4.885361339885228517e+03
4.644900204128092810e+03
4.492194030008230584e+03
4.470662814921789504e+03
4.346480808455696206e+03
4.238450936868128338e+03
4.164319401709391968e+03
4.043258830567413497e+03
3.938007345604182774e+03
3.845942856595570447e+03
3.665171933937347148e+03
3.578950860892714900e+03
3.413247473715059641e+03
3.402010143618200345e+03
3.376582267759050410e+03
3.173418386928847667e+03
3.119671944826693107e+03
2.969294021927886661e+03
2.909816897427425829e+03
2.831720582943756654e+03
2.820793381627457620e+03
2.742402654758266181e+03
2.635202797920240300e+03
2.625740509766100331e+03
2.515666531575240697e+03
2.422927417301557398e+03
2.381623968380733459e+03
2.283890472685942768e+03
2.192977593568516568e+03
2.211081299376662628e+03
2.107731454895934803e+03
2.087483418520931536e+03
1.975428078272760786e+03
1.971080257085629000e+03
1.905191103917108649e+03
1.856051345100569961e+03
1.816320437385131299e+03
1.785810177777937497e+03
1.693546665129361372e+03
1.654006758358612615e+03
1.613528651321215420e+03
1.526285932062468646e+03
1.538329461431600976e+03
1.479066749167330954e+03
1.446301854143820947e+03
1.414926451571876441e+03
1.364723204137643279e+03
1.344801953603651782e+03
1.306190167879321734e+03
1.260201168989201506e+03
1.260451429469795585e+03
1.207131632326165118e+03
1.181026120238328531e+03
1.142572211699293121e+03
1.112462214273071368e+03
1.098733282330678776e+03
1.056451509588360068e+03
1.056163843868208915e+03
1.016915208403480051e+03
9.839223843461738852e+02
9.626108047712198186e+02
9.332911405146107882e+02
9.047565680040119105e+02
8.706859591845156956e+02
8.594715172233251224e+02
8.353445264523264768e+02
8.134108315915021876e+02
7.884859101765786136e+02
7.734145886349887178e+02
7.439217362954774444e+02
7.264489828975013097e+02
7.048651712745486293e+02
7.103225348795865557e+02
6.839252630151324865e+02
6.562005973475652354e+02
6.528065792871046824e+02
6.190857803821420475e+02
6.149761078031000352e+02
5.997725524362804208e+02
5.794722454122936597e+02
5.654173569908413128e+02
5.567761624540194134e+02
5.350588862075273937e+02
5.225323675419530218e+02
5.095154103915880341e+02
4.999812076642726311e+02
4.844728953140294720e+02
4.663526941301097395e+02
4.545082409159817871e+02
4.423328273026075976e+02
4.372285081324149587e+02
4.330760065126611380e+02
4.164586333051335032e+02
4.197107182173693332e+02
3.938976247246878302e+02
3.837612725986753048e+02
3.818753175243301712e+02
3.692266395191689412e+02
3.541225171334002653e+02
3.519998198222464794e+02
3.449196001632312232e+02
3.377925904844634601e+02
3.279300291001827077e+02
3.188538731765727334e+02
3.086748751110475837e+02
3.019007943762844661e+02
3.015169289550003100e+02
2.917514473987658903e+02
2.789665905259272449e+02
2.685440911089182237e+02
2.706002994910511461e+02
2.607724854091937345e+02
2.543301461896246565e+02
2.493416823619154457e+02
2.400297724742360970e+02
2.397965065568334921e+02
2.363887356837370248e+02
2.240707412107851155e+02
2.206567702967331002e+02
2.143046554262548966e+02
2.095188638226409239e+02
2.020635197094792943e+02
2.013061725208760038e+02
1.936993151131977697e+02
1.919805280664916722e+02
1.859049728564144459e+02
1.766004715857348799e+02
1.774960082447417449e+02
1.709285447572008820e+02
1.685836666172876050e+02
1.674692085460444275e+02
1.623393002963408378e+02
1.558051717542060146e+02
1.534590362469577940e+02
1.500434982875207481e+02
1.474654319395447430e+02
1.426595774708848126e+02
1.401364391974024954e+02
1.348555141874546166e+02
1.336473359810298120e+02
1.305012341632814810e+02
1.272622023934487032e+02
1.260620378028955173e+02
1.218300728443589378e+02
1.201412921026532956e+02
1.139195467146879963e+02
1.146935193033219491e+02
1.114193681264277700e+02
1.101356726681308800e+02
1.070139285131864000e+02
1.040340557014233553e+02
1.024135840421054553e+02
9.686116440590777188e+01
9.760565883454933100e+01
9.635168628768055044e+01
9.143717229267285518e+01
8.829969178214837200e+01
8.681831541193729151e+01
8.710722983941350606e+01
8.485576411067383162e+01
8.177499453775661209e+01
8.243720703036402142e+01
7.826789498148855273e+01
7.643055026775030569e+01
7.494724665886556636e+01
7.330269615181865106e+01
7.162168646495815949e+01
7.130399000767968687e+01
6.951596023487755360e+01
6.673034647967459421e+01
6.647741350258407067e+01
6.435327832368545842e+01
6.268773879484965761e+01
6.159567895309309193e+01
6.006861601613091750e+01
5.932415734538742669e+01
5.688852394495533105e+01
5.610774572760836065e+01
5.462741909167741738e+01
5.389132239350677622e+01
5.327844030858299362e+01
5.156143282326016930e+01
5.025790849075492162e+01
4.996016132737564419e+01
4.838615426328664171e+01
4.761991524371133977e+01
4.629120163811195710e+01
4.589747302878895852e+01
4.476331930538351855e+01
4.425504614176973917e+01
4.285013606044402223e+01
4.168428922302196327e+01
4.158903809222515235e+01
4.079955048696357522e+01
3.946574214541594472e+01
3.876894637885002481e+01
3.881138339650659930e+01
3.826976024788425690e+01
3.588929577095573364e+01
3.598040772430400835e+01
3.555730527919534723e+01
3.470576776027378685e+01
3.474502457617104767e+01
3.344398711906762145e+01
3.288887438705209121e+01
3.198162708590630743e+01
3.119629901987466525e+01
3.036015046479509039e+01
2.990787949986942706e+01
2.936906542962523048e+01
2.897903751000988137e+01
2.852799814359461905e+01
2.779316340834523658e+01
2.727667995828288738e+01
2.702671173167891538e+01
2.643767208440716487e+01
2.595663650124023292e+01
2.559555881108896713e+01
2.522862708154060840e+01
2.440208972330611559e+01
2.394261812444490545e+01
2.402065478741333848e+01
2.303768479094888022e+01
2.327191889389373713e+01
2.261995936833105603e+01
2.230978461973408855e+01
2.226920657490681776e+01
2.102351692744703016e+01
2.127017535947487659e+01
2.075118836432174163e+01
2.051781364832385890e+01
2.052688072038212042e+01
2.002511783052737471e+01
1.978573823610864935e+01
1.919337721875713498e+01
1.958070364693229948e+01
1.897126291036465418e+01
1.844048614982128598e+01
1.833747602686896272e+01
1.776282657737974091e+01
1.756596813121864642e+01
1.734877218345280170e+01
1.741199305923485241e+01
1.712813733591584864e+01
1.676109598646209164e+01
1.658299160493658420e+01
1.615985252607470457e+01
1.634668464779749897e+01
1.589105610416644332e+01
1.552403503105410287e+01
1.569702453587009572e+01
1.510512023569763684e+01
1.503182570347101077e+01
1.512737913639863940e+01
1.479405551041166156e+01
1.481658647833017461e+01
1.444540882520081126e+01
1.458622600971342465e+01
1.429327100468156253e+01
1.414311642169627170e+01
1.429017123296067915e+01
1.376959727764955232e+01
1.396049354660073405e+01
1.370892977117171618e+01
1.395034461213179000e+01
1.337640835863789945e+01
