1.226359658046236515e+09
1.398688812619990587e+09
1.339385363461846590e+09
1.259595888297399998e+09
1.262405910825192928e+09
1.289241081057522297e+09
1.157783783985812664e+09
9.858588353551915884e+08
9.349247648770751953e+08
7.703769639465473890e+08
7.008962439981149435e+08
5.878144690377835035e+08
5.341286625478372574e+08
4.828164374136539698e+08
3.954198175637314916e+08
3.559217697429695725e+08
3.089335858896284103e+08
2.608811942679869533e+08
2.154413577087777257e+08
1.746447298865027726e+08
1.505887982450641096e+08
1.276296244892707616e+08
1.022337093791465759e+08
8.516303895765110850e+07
7.606824919385345280e+07
6.635968549909720570e+07
5.307356319190601259e+07
4.697513869972833991e+07
4.028655948204515874e+07
3.361015686777473986e+07
2.949655857162426785e+07
2.720844562148740888e+07
2.474394817321389169e+07
2.135561615592874959e+07
1.927121863360439986e+07
1.788793699513801932e+07
1.623863688854865357e+07
1.344775019138829038e+07
1.355198337485767342e+07
1.247161350184148178e+07
1.153615065053685941e+07
1.004577947421212122e+07
9.669217616152960807e+06
9.437790035860214382e+06
8.860940040100052953e+06
7.908200568079632707e+06
7.493497874975459650e+06
6.798496772138352506e+06
6.780442264239037409e+06
6.169677240319688804e+06
5.812940863670116290e+06
5.354921510060269386e+06
5.207151441940693185e+06
4.786600004244806245e+06
4.694984157161729410e+06
4.610071176651348360e+06
4.135699730672304984e+06
3.960231084291276988e+06
3.725243370405694004e+06
3.493797748192305211e+06
3.411257102170046419e+06
3.139170868108098395e+06
2.946934897527647205e+06
2.790606741840413772e+06
2.746999258468154818e+06
2.640033914811823517e+06
2.417125182566375937e+06
2.307070793696888722e+06
2.243606298795803450e+06
2.139976840603096876e+06
2.034825296432557283e+06
1.963689341001793044e+06
1.797370498835046310e+06
1.696678154580078553e+06
1.672284169792308006e+06
1.600940321052304236e+06
1.547706879290047335e+06
1.457876374061587034e+06
1.376641982062428724e+06
1.305850980976713588e+06
1.262258125300604850e+06
1.238819163955018623e+06
1.125114281284211669e+06
1.150086263118000235e+06
1.012352340714516467e+06
1.016755578134319396e+06
9.355378517024122411e+05
9.170173550851620967e+05
8.818040978725679452e+05
8.185690678563646507e+05
7.949875058894811664e+05
7.431412793866302818e+05
7.251372547729969956e+05
6.957588395917725284e+05
6.631923781292587519e+05
6.451819693694576854e+05
6.001216870619009715e+05
5.792646419431774411e+05
5.638446656750102993e+05
5.389264243671225850e+05
5.250925601934423903e+05
5.051359905898973229e+05
4.867981456292205257e+05
4.568096936206686078e+05
4.478761920361953671e+05
4.132891816576238489e+05
4.061741235577568877e+05
4.086760219320174074e+05
3.766031871061593993e+05
3.646230520589603693e+05
3.510913542548885453e+05
3.396083734764519613e+05
3.259833583523159032e+05
3.190191498248864082e+05
3.009789933325237362e+05
2.877334649804119254e+05
2.869953772325982573e+05
2.710219008820681483e+05
2.613780069149731135e+05
2.576015380938669550e+05
2.426237136672386841e+05
2.371943890042674611e+05
2.263598929974105267e+05
2.191456422127447440e+05
2.066144019422931306e+05
2.058980276385661564e+05
1.928558002971252427e+05
1.881043016601016861e+05
1.889878777265218087e+05
1.728426321716146485e+05
1.715265079946590122e+05
1.674711911742221855e+05
1.579286020485449699e+05
1.494141654531515960e+05
1.457011501569886750e+05
1.398464475937852985e+05
1.375778932732346584e+05
1.325717616225279926e+05
1.284779545047114807e+05
1.232200606875816156e+05
1.208200010445461812e+05
1.150155583786630013e+05
1.125149598167300719e+05
1.086771106331574556e+05
1.059706896676161268e+05
1.005350624753693410e+05
9.694867023071424046e+04
9.476563459775061347e+04
9.300623780137991707e+04
8.764555805085666361e+04
8.662850616647445713e+04
8.263748789715702878e+04
8.023808669197732524e+04
7.726086649673095962e+04
7.453549805911918520e+04
7.095863117304256593e+04
7.089810287988935306e+04
6.653951582954401965e+04
6.587751435529915034e+04
6.414134678725739650e+04
6.093691445495640073e+04
5.906565077768969059e+04
5.803868732615043700e+04
5.514542200312347995e+04
5.295216959188676992e+04
5.185956841668769630e+04
5.023509095369773422e+04
4.903839542728284141e+04
4.760254434406703513e+04
4.700766206302589126e+04
4.454727017570088356e+04
4.293571812452462473e+04
4.138133316170415492e+04
3.986029968351369462e+04
3.925996904556949448e+04
3.737857426773925545e+04
3.597619088030148123e+04
3.593818225618486758e+04
3.415074492015469878e+04
3.385257342428448464e+04
3.289695511270812131e+04
3.111732496608961810e+04
2.995859716455989837e+04
2.961382493986024201e+04
2.969258765823883004e+04
2.756329850454174448e+04
2.718673372755806122e+04
2.607736146272308906e+04
2.537264556733351856e+04
2.447661403459096982e+04
2.348225737573737570e+04
2.331034850960947733e+04
2.190761013614928015e+04
2.154987091930319002e+04
2.059639789773256416e+04
2.024073574553549042e+04
1.989346282654476454e+04
1.902754272382639465e+04
1.876847863431062069e+04
1.781621070802088798e+04
1.741451740388279359e+04
1.657069184847697034e+04
1.666924238074348978e+04
1.576528911154920570e+04
1.548732788129595610e+04
1.508650745312985055e+04
1.435295093635399462e+04
1.425025289183232780e+04
1.392989649628079133e+04
1.351390797523978472e+04
1.329105691271942851e+04
1.247018408724407163e+04
1.238034661536524436e+04
1.222974720875948333e+04
1.154950818903950494e+04
1.107374153805576316e+04
1.068948120176465636e+04
1.037896630056255890e+04
1.018370208495117367e+04
1.013522271276300125e+04
9.745546429137206360e+03
9.185655853991162076e+03
9.160341915693836199e+03
8.692366650091451447e+03
8.564654128804661013e+03
8.412033466399041572e+03
8.202922744652258189e+03
7.874737068666743653e+03
7.524138624353554405e+03
7.288550393489400449e+03
7.160552565748528650e+03
7.110123573702783688e+03
6.848338023390440867e+03
6.610319059500507137e+03
6.290846393844395607e+03
6.162664530506082883e+03
5.959887229083239617e+03
5.810120134931662506e+03
5.779084979269520773e+03
5.650028809299781642e+03
5.335345057018217631e+03
5.315904917708873654e+03
5.145464616656715407e+03
5.087329081717053668e+03
4.757255391265849539e+03
4.659759940656067556e+03
4.571143085604891894e+03
4.338660182439348318e+03
4.328436879966771812e+03
4.294316025640456246e+03
4.061306968374282405e+03
3.957684957798698633e+03
3.858624799119731506e+03
3.747813593109470730e+03
3.749501683043266439e+03
3.522574257686645524e+03
3.466465294444922620e+03
3.336089624755050863e+03
3.253887846709704263e+03
3.155233261617012431e+03
3.063335510213831185e+03
2.996650241578229725e+03
2.867871570094886465e+03
2.796698460603399326e+03
2.728977316327923290e+03
2.685286045469381406e+03
2.603937744832750468e+03
2.557601969855740208e+03
2.515905224326406369e+03
2.454562349454538889e+03
2.269600509592346498e+03
2.268109316384560771e+03
2.251323972535176836e+03
2.157558545531956497e+03
2.094187242765833162e+03
2.023491624006497659e+03
1.970651606074859274e+03
1.914724425175920260e+03
1.874653444447738366e+03
1.854135634276910878e+03
1.753168127823667191e+03
1.715203913230079252e+03
1.697269080448141267e+03
1.624577255976897959e+03
1.568659150145490685e+03
1.559079200254803709e+03
1.503551657365887422e+03
1.487416132833433267e+03
1.459339575285239562e+03
1.376678142826674502e+03
1.358139241139602973e+03
1.316515120377929634e+03
1.302409675865936833e+03
1.233033917138275228e+03
1.218930722813949842e+03
1.206538153713685006e+03
1.183830932211347999e+03
1.129039969550147362e+03
1.112214259386566027e+03
1.067861533085270594e+03
1.056515926582995007e+03
1.007711740429395149e+03
9.890971641431042372e+02
9.723169965230190428e+02
9.442303664548111328e+02
9.187813565149784836e+02
8.993321185712277384e+02
8.660718727678224695e+02
8.395482446369876470e+02
8.269212223127518655e+02
8.079602214373677498e+02
7.821401199296199138e+02
7.609894334177165547e+02
7.417164631880788193e+02
7.210169223026048257e+02
7.041645539339181141e+02
6.860910745380641629e+02
6.541074218271636482e+02
6.525458428359042955e+02
6.359543151115748287e+02
6.217125058450884580e+02
6.064948544761419953e+02
5.809811788225475766e+02
5.835526878934653041e+02
5.540619918587848360e+02
5.456361223445588848e+02
5.283223998256205505e+02
5.141600983305277168e+02
5.045616329549515058e+02
4.937060513194492160e+02
4.784172031679105430e+02
4.723198812775117403e+02
4.537331507348846458e+02
4.465253974661001166e+02
4.327935452285787505e+02
4.191744138958294457e+02
4.102038725596600557e+02
3.933637761186415673e+02
4.017322021464041200e+02
3.814767881209134543e+02
3.742642422360174237e+02
3.625599984102103122e+02
3.611167469461103110e+02
3.483256931298372479e+02
3.366246185344274409e+02
3.285446275425439353e+02
3.202800293815068926e+02
3.135685537982660662e+02
3.081117533938767679e+02
2.943890836892265952e+02
2.897856342203825761e+02
2.853880201156233625e+02
2.820247776429104647e+02
2.750104372494349150e+02
2.610314035538046937e+02
2.557217711806358125e+02
2.508268204911674388e+02
2.435355234458989457e+02
2.414327824369333371e+02
2.312670409027897733e+02
2.296995390274940689e+02
2.216623006509948368e+02
2.164965357268235095e+02
2.119131333199699441e+02
2.078508568169661999e+02
2.011079203018828139e+02
1.950839580004659695e+02
1.905455375103149152e+02
1.862825816166437107e+02
1.821729310189920170e+02
1.798065485248403661e+02
1.725389740772461096e+02
1.686933562815216590e+02
1.651488680305533876e+02
1.638275109098581481e+02
1.571491175542071517e+02
1.543859771892468586e+02
1.504542607835329022e+02
1.484426481964443951e+02
1.444771060732061017e+02
1.408983471484113466e+02
1.374454496887684058e+02
1.351186514414172848e+02
1.312926472468693930e+02
1.299038761952889161e+02
1.251813282790296142e+02
1.235786204085233067e+02
1.208318108877996622e+02
1.177950526791443764e+02
1.167591009646970122e+02
1.116614743223981634e+02
1.077923240342808668e+02
1.088994557784801600e+02
1.045311045875831439e+02
1.022253820910678854e+02
9.878879393877105031e+01
9.680978122877726832e+01
9.341963774364903372e+01
9.336258962517044324e+01
9.166945636552438259e+01
8.865345611299382256e+01
8.582198227133700641e+01
8.496790043015805338e+01
8.356087153202831530e+01
7.988747908685640198e+01
7.766103510378339081e+01
7.859484261278537076e+01
7.545073257639698738e+01
7.436796381626515995e+01
7.269051005801750875e+01
7.089491346296888707e+01
6.871937049581670465e+01
6.794301858608380940e+01
6.622283714621107720e+01
6.511699232884353705e+01
6.379824361245579212e+01
6.138160415771449152e+01
6.013550865569974491e+01
5.886386333922932579e+01
5.799322360115372987e+01
5.697469110745205256e+01
5.524130960717212702e+01
5.461846707401425505e+01
5.372341793095314699e+01
5.257686817439126514e+01
5.061155652040743291e+01
4.946301143578104842e+01
4.919204936039883336e+01
4.838447348718393926e+01
4.649992802784868218e+01
4.706744455121299353e+01
4.494502205299209407e+01
4.444784193050648469e+01
4.314544099534354871e+01
4.190219920508592821e+01
4.176291777639072222e+01
3.990152159089124950e+01
3.971262721599036638e+01
3.901682288039070556e+01
3.804553040751184767e+01
3.723117306521482561e+01
3.712114413431586257e+01
3.639895072113778696e+01
3.427729951061885316e+01
3.486126787648049685e+01
3.387774407467405524e+01
3.316595315153532653e+01
3.292573386097284782e+01
3.144181984014695530e+01
3.165619911614501092e+01
3.125137021056121966e+01
2.979038641228603268e+01
2.947768779656300353e+01
2.881644882042917999e+01
2.882502925977481567e+01
2.780621595170521942e+01
2.723516336243728375e+01
2.733187053888294216e+01
2.644159787837282849e+01
2.579373998973878912e+01
2.572691280826886739e+01
2.515630695633517888e+01
2.442112783034603396e+01
2.422894101394406974e+01
2.399928504444795152e+01
2.330009340713748145e+01
2.325754700159519217e+01
2.238733506333980472e+01
2.222139763065549545e+01
2.128665787249581243e+01
2.127781049065603014e+01
2.155320057523360333e+01
2.025007413323183414e+01
2.053107176591374028e+01
1.959414643629266806e+01
2.003988872417863831e+01
1.987894936584699579e+01
1.868039706762946039e+01
1.887107309326400895e+01
1.858009036044817108e+01
1.845628504243980217e+01
1.821404321734487297e+01
1.785474039900836374e+01
1.763673001516432848e+01
1.691881959388202716e+01
1.721790923747614244e+01
1.684947697299713099e+01
1.653233925735036536e+01
1.652690691101336284e+01
1.608103397863905570e+01
1.578631105075182006e+01
1.585058754866564357e+01
1.552398825493696677e+01
1.532114026400244278e+01
1.518656745878566383e+01
1.522409579527370305e+01
1.490130732894767718e+01
1.463287343529638029e+01
1.439310412789962967e+01
1.442381957296681172e+01
1.442697195220879181e+01
1.405279060775612265e+01
1.399434697548223561e+01
1.358849670671406784e+01
1.371972798154443396e+01
1.393245276966885271e+01
1.322582680398450705e+01
1.333374614184376483e+01
1.310681949278272818e+01
1.334316263524667079e+01
1.303035769857685011e+01
