7.703430038375803232e+08
8.847792203123989105e+08
8.225588696951743364e+08
7.771459194610412121e+08
8.271385490572674274e+08
8.594631825963857174e+08
8.081639665033423901e+08
7.044246919605665207e+08
6.903156107157554626e+08
5.907458384035837650e+08
5.584588424092296362e+08
4.911034469324620366e+08
4.691700285320450068e+08
4.392470352716695666e+08
3.856603711046713591e+08
3.472203230238322616e+08
3.328006861351149082e+08
3.005311988076050282e+08
2.495676622127124667e+08
2.252043463043373525e+08
2.020482053437140286e+08
1.743709957684208751e+08
1.526654535976832211e+08
1.315155502061583549e+08
1.177060960445893705e+08
1.062304584304306656e+08
9.460746679791377485e+07
8.148006709298995137e+07
7.150464792099995911e+07
5.802449145374312252e+07
5.110495879358048737e+07
4.813106811394675076e+07
4.192388095048312843e+07
3.461035709811834246e+07
3.187714753201704100e+07
2.718481924986038730e+07
2.416155733441764861e+07
2.053644443453586102e+07
2.027938937155219540e+07
1.694192933673843741e+07
1.575455120921241120e+07
1.352768875979547203e+07
1.291983425259686261e+07
1.188584290988294408e+07
1.122518977266756259e+07
1.053685404927419499e+07
9.104120853543721139e+06
8.749691455152291805e+06
8.532557596594840288e+06
7.773344928153650835e+06
7.149645034762968309e+06
6.857534531576802954e+06
6.372478931393886916e+06
5.995613607105268165e+06
5.571197227263044566e+06
5.354607393129903823e+06
5.029352236601872370e+06
4.800860603550938889e+06
4.350262270278995857e+06
4.144535754364921246e+06
4.134317275290308055e+06
3.849523061691774521e+06
3.842281154197716154e+06
3.421477456246605609e+06
3.207297126443214715e+06
3.085264649240609724e+06
3.095810570038162172e+06
2.789380790004749782e+06
2.772200130934283137e+06
2.582944772731176578e+06
2.525184533455729019e+06
2.410168014067457523e+06
2.331565480328037404e+06
2.129543089919592254e+06
2.130742687048595399e+06
2.131649875819558743e+06
1.903060564067351865e+06
1.862183588370676618e+06
1.735917006293634651e+06
1.591267725951883942e+06
1.591469647094122367e+06
1.532808132621984696e+06
1.436320717394304462e+06
1.413261603189326357e+06
1.349369809577150736e+06
1.282170848399883602e+06
1.250061052550286055e+06
1.167604943071511341e+06
1.109543940028626937e+06
1.076026320836288854e+06
1.030973106786562479e+06
1.004118542631896446e+06
9.496932081118959468e+05
9.391264576192492386e+05
8.443751500215424458e+05
8.793124179432888050e+05
8.156703584196704905e+05
7.748451241520665353e+05
7.315124316358531360e+05
6.907159304293654859e+05
6.869884563790536486e+05
6.511496506053700577e+05
6.476692936834275024e+05
6.191473354216942098e+05
5.808335125472964719e+05
5.609079276349887950e+05
5.354162161119946977e+05
5.132092750463520060e+05
4.807195117306304164e+05
4.572367101627402008e+05
4.590697693487064680e+05
4.429520218877179432e+05
4.232405610870508244e+05
4.055842935372827342e+05
3.928884269956386415e+05
3.647135716734376037e+05
3.610488532352471957e+05
3.466971247156251920e+05
3.370440969098407077e+05
3.281682031091875979e+05
3.181421032703626552e+05
2.972922836800021469e+05
2.838167971419893438e+05
2.820163200539233512e+05
2.692382877922233893e+05
2.633925020603378653e+05
2.509283912026484031e+05
2.427453832066278555e+05
2.346699820086517429e+05
2.268764655012957810e+05
2.206237472562619369e+05
2.110180933519176615e+05
2.063753613289712521e+05
1.954308563913016696e+05
1.895701416351505322e+05
1.787345854809181183e+05
1.747034049810467986e+05
1.702239332311465405e+05
1.643305484450428921e+05
1.595686392262882437e+05
1.546090234118955850e+05
1.487603528248491639e+05
1.433442430682736449e+05
1.395049434470011911e+05
1.321027081028454122e+05
1.299620090579790703e+05
1.265968180357970559e+05
1.218861084925922623e+05
1.147732905531832221e+05
1.148849133024213661e+05
1.092639408544905018e+05
1.083984142924699263e+05
1.031178346521768108e+05
9.855433855848992243e+04
9.599290559558328823e+04
9.222448481790357619e+04
8.929575982042230316e+04
8.586803778736849199e+04
8.628014778029243462e+04
8.245000816614193900e+04
7.643157024311608984e+04
7.657460699623097025e+04
7.220200585625128588e+04
7.274539838901518669e+04
6.933943852130617597e+04
6.844497412459515908e+04
6.629298216734218295e+04
6.321731286018258106e+04
6.037683608842157992e+04
5.779446447521153459e+04
5.754981468396980927e+04
5.466300877321166627e+04
5.298950583430604456e+04
5.097830110976799915e+04
5.069607411303215486e+04
4.813832220444767881e+04
4.659999644215733861e+04
4.605968235711169109e+04
4.447835890243542235e+04
4.218865326513863693e+04
4.124567334187774395e+04
4.058264973305537569e+04
3.865889034415240167e+04
3.770184574167302344e+04
3.652363629633957316e+04
3.564250340904018958e+04
3.486910472829127684e+04
3.351130406470195157e+04
3.193769519915455021e+04
3.117532974917479442e+04
2.980515762986621849e+04
2.945231723135848733e+04
2.843784916590959619e+04
2.836638181510783033e+04
2.692873827441494723e+04
2.618786849013657047e+04
2.552056633570628401e+04
2.472554011765561881e+04
2.438238168489446616e+04
2.314306097513128771e+04
2.202245668209162613e+04
2.188931919413271680e+04
2.132123713267892890e+04
2.071953108869867356e+04
1.985562193225273950e+04
1.944242936822290358e+04
1.880687152138169040e+04
1.804797200263436025e+04
1.783507808762484274e+04
1.721198665961709412e+04
1.664195762737889891e+04
1.644842660676243759e+04
1.567701338346434386e+04
1.527410962656618722e+04
1.456938945130698266e+04
1.445189459890910985e+04
1.372436238985942691e+04
1.345295658549373366e+04
1.321606467493333912e+04
1.259797848162003538e+04
1.229116797629877146e+04
1.225035752373829564e+04
1.165072453884118477e+04
1.130735111092547959e+04
1.079446434726912958e+04
1.045357555763251366e+04
1.028433931291609224e+04
9.912852058106536788e+03
9.908116190119555540e+03
9.809084164006806532e+03
9.303940888232988073e+03
8.998688799922674662e+03
8.615565772605219536e+03
8.332418400154885603e+03
8.226402634319107165e+03
7.834599714326890535e+03
7.777426611130484162e+03
7.575648305240780246e+03
7.142150427228812987e+03
7.066960968703014260e+03
6.855040185175455917e+03
6.760499028112036285e+03
6.528223542967632966e+03
6.331101197188576407e+03
6.211489329255398843e+03
5.950702057611231794e+03
5.812044833575640041e+03
5.643389369436596098e+03
5.478360174152207946e+03
5.412007159226794101e+03
5.191148354706112514e+03
5.157293398835499829e+03
4.972176620624511088e+03
4.770358554440844273e+03
4.654213720844328236e+03
4.487937999560812386e+03
4.375887086464048480e+03
4.301244069951462734e+03
4.239435663773404485e+03
3.986943956334113409e+03
3.980329010421140993e+03
3.778383686575259162e+03
3.695557160606497746e+03
3.629543345149563720e+03
3.442340716843872997e+03
3.418083305711575122e+03
3.357211259309121488e+03
3.255838975014145944e+03
3.208604591537170563e+03
3.084306542241508396e+03
2.965794794219590131e+03
2.871257638944827704e+03
2.838153533338370835e+03
2.731449985818331243e+03
2.662827874041076484e+03
2.595955206000427097e+03
2.515479236913430213e+03
2.488761136961423290e+03
2.405007268991480032e+03
2.319812789338295715e+03
2.353805376709144184e+03
2.205189758790541873e+03
2.169483490054198683e+03
2.120626016487322886e+03
2.026064333037572851e+03
2.062653637450894166e+03
1.915770023238203748e+03
1.914279248046622797e+03
1.839305921193764107e+03
1.804274589712062834e+03
1.742215319735294088e+03
1.690074120532668985e+03
1.662222195609731671e+03
1.616293070213339661e+03
1.558202063423778554e+03
1.524074290981280910e+03
1.490305659036676161e+03
1.469680785155816466e+03
1.425688198060256127e+03
1.383063578986062112e+03
1.349148636167017003e+03
1.293355976640016934e+03
1.253531644758430275e+03
1.224755770604916279e+03
1.188800950536810433e+03
1.177364167348984211e+03
1.147440895617552997e+03
1.124820843711192992e+03
1.066053744778292184e+03
1.034271061987393978e+03
1.013843219417579576e+03
1.009445492469434043e+03
9.496529102493362871e+02
9.403224033065991989e+02
9.270151374267958317e+02
9.092934433924363020e+02
8.799753640386512643e+02
8.511034823242802076e+02
8.203347539793224996e+02
8.017466325700543166e+02
7.901957525896463039e+02
7.641934297986001638e+02
7.572129167378122929e+02
7.238480415858238075e+02
7.130986619502986059e+02
6.947121822824174160e+02
6.663452479127225843e+02
6.602427599759682835e+02
6.508822390445182009e+02
6.310345307817307230e+02
6.098323073024462246e+02
5.960472029079226104e+02
5.885313816403843248e+02
5.719919424850961605e+02
5.531235396077106543e+02
5.378796923027304047e+02
5.305944613950890698e+02
5.177252200697269018e+02
5.019607112579950012e+02
4.864526691454254319e+02
4.737228079627243460e+02
4.687830982362094687e+02
4.492387285276472539e+02
4.457325398958324740e+02
4.318734455258264688e+02
4.244737504511852535e+02
4.144560190424217581e+02
3.994112607860141679e+02
3.923471662827433875e+02
3.794694274801545362e+02
3.707242067602709881e+02
3.592429214811496081e+02
3.552517671019852514e+02
3.458811669331503253e+02
3.371053811990339000e+02
3.285946098239585922e+02
3.234359455180098735e+02
3.094472180245496702e+02
3.043734682032954879e+02
2.952018007981683354e+02
2.935388590986685244e+02
2.801692297620276122e+02
2.775145696329344105e+02
2.712261024025733605e+02
2.639443918170802021e+02
2.619364940923057929e+02
2.497238351634608478e+02
2.430880832392612660e+02
2.398087016232682345e+02
2.339989405648860270e+02
2.269156462317563978e+02
2.201654065702142304e+02
2.193759784995534972e+02
2.086846314831782934e+02
2.081769159654752457e+02
2.042109528490219930e+02
1.982298327528795028e+02
1.926893791913536802e+02
1.891691003549103129e+02
1.792188483240864230e+02
1.779193131002613200e+02
1.760190941090682486e+02
1.708683170908713294e+02
1.659187995576667731e+02
1.619347401077023392e+02
1.591622653033981578e+02
1.555527893222106570e+02
1.543959665258152540e+02
1.488252944891794698e+02
1.457769369875960308e+02
1.416584726341575902e+02
1.405413678690054553e+02
1.368985980506595865e+02
1.346684597086378119e+02
1.298826683512124305e+02
1.271740639305246532e+02
1.264378887042862232e+02
1.216770225386454456e+02
1.173810270896396162e+02
1.158975760481062309e+02
1.122366044689412945e+02
1.106826438857950734e+02
1.075496210509117390e+02
1.075648761690845703e+02
1.036176891132593312e+02
1.005030018616975411e+02
9.940482137555915187e+01
9.714632024207058691e+01
9.354070620712136019e+01
9.168479125594298296e+01
8.820500218072521648e+01
8.607332705995735012e+01
8.652401187630027835e+01
8.382227920661688358e+01
8.262461594293951350e+01
7.977682079743678401e+01
7.770816303475169207e+01
7.956609943604595969e+01
7.486465844524130375e+01
7.355998079563528336e+01
7.174832948438275082e+01
7.066199456120348543e+01
6.963282421499528141e+01
6.756212408180518025e+01
6.614245073784798024e+01
6.536244892297875708e+01
6.352757156586274334e+01
6.238697139920409285e+01
6.109145525317957492e+01
6.001356835925569300e+01
5.963411981886059721e+01
5.671843058248797576e+01
5.605625189256841168e+01
5.472163514796798012e+01
5.416222650774009395e+01
5.293957079443951841e+01
5.119083959230567871e+01
5.021289564626742674e+01
5.018277299299954564e+01
4.835942870601343913e+01
4.800635037983361997e+01
4.661619540480641888e+01
4.577385388596276528e+01
4.440572128240306427e+01
4.366298069981626639e+01
4.273170103529597696e+01
4.228502692705119870e+01
4.238507421210167792e+01
4.028399339289742187e+01
4.101539191150802566e+01
3.887179085288664737e+01
3.803742043357279101e+01
3.741769548964364844e+01
3.634070876346707735e+01
3.618290310954350275e+01
3.508954186748427162e+01
3.468852612360655030e+01
3.375035418096668138e+01
3.295215799694195624e+01
3.339905142719931064e+01
3.192392464589988776e+01
3.190659676352836271e+01
3.092328593408085879e+01
3.089978585430906577e+01
2.999310821068828403e+01
2.946402523811319085e+01
2.922269562211969429e+01
2.834530391000994953e+01
2.814323132134576966e+01
2.717814692339579352e+01
2.747111747959533545e+01
2.645557239918891312e+01
2.618825680684803459e+01
2.608973242231380851e+01
2.513529876747498903e+01
2.482289727772954890e+01
2.468409676189601853e+01
2.405843982889877708e+01
2.400586556084242673e+01
2.337066025425392013e+01
2.341410504452453978e+01
2.245597555481230501e+01
2.240409131385085928e+01
2.267887648936695300e+01
2.177878582248397521e+01
2.212035271571495443e+01
2.101311043359113029e+01
2.105041745828218680e+01
2.114026866565522766e+01
2.012292509513651595e+01
2.034338809632631495e+01
1.989795460616001677e+01
1.947231993605562650e+01
1.943812461793493185e+01
1.916576848266615940e+01
1.919902763702024018e+01
1.877156502852185582e+01
1.877137320047633651e+01
1.864191246704979221e+01
1.793766568599833278e+01
1.823607818718295448e+01
1.766733043428017780e+01
1.745225958991827397e+01
1.728331101980860041e+01
1.715128362592970035e+01
1.739347925991670962e+01
1.699865024001933733e+01
1.664310196413431697e+01
1.654145509263323888e+01
1.670445523394029053e+01
1.641928128013553234e+01
