3.663915308123884350e+07
4.426965611608510464e+07
3.857903701964898407e+07
3.777012799340731651e+07
3.199121135931581259e+07
3.605726286620378494e+07
3.454281017430154234e+07
3.142474533962408453e+07
3.041256186169511825e+07
3.073423627969083935e+07
2.918325229036238045e+07
2.594055671489771456e+07
2.411097483189575747e+07
2.356539145713552088e+07
2.124662954944077879e+07
2.047101315352543443e+07
1.815862781549444795e+07
1.720470384879625961e+07
1.474394298173816130e+07
1.248462019016524591e+07
1.273816722058388963e+07
1.183236485441496782e+07
9.720486174132045358e+06
8.934313541703356430e+06
7.527957692009406164e+06
6.953499473601305857e+06
6.077117153991280124e+06
4.914832409445724450e+06
5.013505193897975609e+06
4.238936227303015068e+06
3.680942494968996849e+06
3.283666015244561248e+06
2.864440141581585631e+06
2.473744100899152458e+06
2.139267079818974249e+06
1.882944943142740056e+06
1.715229227719441522e+06
1.532388500232322607e+06
1.280267387180682505e+06
1.132310310930252541e+06
1.023956512620614492e+06
8.977820239717001095e+05
7.927100648079887033e+05
7.099117905017703306e+05
6.533198256572888931e+05
5.850407973638214171e+05
5.110073978022186202e+05
4.597250513318921439e+05
4.358216532672252506e+05
3.879574024746963987e+05
3.479686856990433298e+05
3.225640512374296086e+05
3.024938879606136470e+05
2.771011023381071864e+05
2.534223925975938910e+05
2.293039878513316216e+05
2.117320469448799267e+05
1.873104487699585734e+05
1.839544740139672649e+05
1.732666611425494775e+05
1.536554748393343179e+05
1.478367569847593841e+05
1.397475839265149552e+05
1.282223066776545020e+05
1.241085571383903443e+05
1.146208990534450422e+05
1.051814073216211982e+05
1.034102462714239809e+05
9.339510860798455542e+04
8.787989127644624386e+04
8.016032167617022060e+04
7.743165515872274409e+04
6.981306016744392400e+04
6.630923157454648754e+04
6.216659800990331132e+04
5.850091767427410377e+04
5.548846846922414989e+04
5.226073589259762957e+04
4.762128311261099589e+04
4.627626087456180539e+04
4.286117832395889127e+04
3.995751862280024216e+04
3.849609395881438104e+04
3.549099515766114200e+04
3.394936429440280335e+04
3.146416497162234009e+04
3.017762721718114335e+04
2.767026840381521106e+04
2.603277597705582230e+04
2.458810991642512090e+04
2.255168601091842356e+04
2.145092830168427463e+04
2.080908279215424409e+04
1.885371919853809595e+04
1.802478305802428440e+04
1.704400258613948972e+04
1.585285911669223606e+04
1.493717639492012313e+04
1.380974496629401983e+04
1.349562113372535714e+04
1.260711585704093523e+04
1.201723047023959771e+04
1.083161728499342644e+04
1.005341280181264847e+04
1.015728946554739014e+04
9.128601571339791917e+03
8.669723912293517060e+03
8.131447017477983536e+03
7.712842423075383522e+03
7.193762847901746682e+03
6.959361482868477651e+03
6.322991381287773947e+03
5.977528856089368674e+03
5.657743412536192409e+03
5.277628843155281174e+03
4.956314715168109615e+03
4.829987848831073279e+03
4.570798047381367724e+03
4.164627013471358623e+03
3.990961557825258296e+03
3.831646872586975860e+03
3.550002732344470132e+03
3.316982357502057766e+03
3.166775540836835717e+03
3.011308940374495705e+03
2.878552820302038981e+03
2.728934943144467979e+03
2.541930509255228117e+03
2.421879927856475206e+03
2.263308950738275598e+03
2.102787146524525269e+03
2.037709088400530618e+03
1.916256993718950298e+03
1.811204230687892732e+03
1.686301280763740124e+03
1.586179530607884317e+03
1.489604376382051214e+03
1.420982235297805573e+03
1.379885789524380471e+03
1.264643832885204347e+03
1.191804008047665775e+03
1.167251942537027844e+03
1.084318285125623561e+03
1.023217173767203690e+03
9.983803671446336239e+02
9.370222823351405168e+02
8.876179022443786835e+02
8.528001219319536403e+02
7.900110438515027909e+02
7.510445329919662072e+02
7.215001948631133928e+02
6.553359523225150269e+02
6.406354199064136310e+02
5.934662355612570082e+02
5.822670025522691049e+02
5.530380911702133062e+02
5.200411195633538455e+02
4.957400692142658727e+02
4.687046408108482183e+02
4.398711408733162216e+02
4.220668319006015849e+02
4.069345296537815670e+02
3.867443162435938575e+02
3.625473689522913219e+02
3.382299435487759638e+02
3.253780051699785645e+02
3.069418873941976358e+02
2.917396248631287108e+02
2.753542705577208949e+02
2.692602272649693873e+02
2.482333015842320947e+02
2.438615215465982260e+02
2.226658750230834016e+02
2.113887802387579029e+02
2.045946527631116680e+02
2.001029688028764326e+02
1.866893954421742023e+02
1.746379884506926601e+02
1.698877952899613888e+02
1.597473535338329782e+02
1.577188897687705094e+02
1.436084594908094800e+02
1.354074823174412927e+02
1.344728862920617871e+02
1.255104286452370559e+02
1.190979182018211588e+02
1.161185324173449516e+02
1.062860287329679778e+02
1.034709439302368565e+02
1.013029399846140279e+02
9.465335448861154077e+01
8.901007622363758287e+01
8.312588342326685620e+01
8.223088276455764856e+01
7.803398190645265231e+01
7.403657817549652975e+01
7.176883965870744930e+01
6.783130986676304985e+01
6.527119723987405564e+01
6.177351629482825501e+01
5.891863125931669032e+01
5.708801038954918283e+01
5.464681583166371581e+01
5.183207323723985382e+01
4.827874612324971793e+01
4.693134627910910694e+01
4.519937325278761620e+01
4.229368673256654887e+01
4.244033957843839033e+01
3.964441795772570742e+01
3.822391684965987224e+01
3.560572464103778145e+01
3.480478471449133338e+01
3.314594757042085149e+01
3.177557951716364570e+01
3.006320257513521099e+01
2.905465862160458457e+01
2.784663890710665513e+01
2.738425250858981741e+01
2.540775596529820390e+01
2.497408452790735822e+01
2.348253931372348902e+01
2.252780198821753643e+01
2.183429216652830362e+01
2.111394627377945099e+01
2.053934431593664911e+01
1.941002541189162756e+01
1.914445314570489387e+01
1.745838137676081914e+01
1.704380792865298844e+01
1.675500648927490843e+01
1.596957485983109493e+01
1.548729935772943556e+01
1.475491250196592397e+01
1.450760715206707019e+01
1.372134959303964408e+01
1.329514791990547451e+01
1.333388594363761470e+01
1.258338819837456057e+01
1.227307675713479185e+01
1.174435831099964034e+01
1.163710401724214627e+01
1.131287098911172961e+01
1.080139711836427807e+01
1.058049669674335114e+01
1.002321750535277722e+01
1.048125577915081585e+01
9.829312899516891022e+00
9.496795684074356814e+00
9.479221449125319054e+00
8.950293987718973554e+00
9.277611358011274234e+00
8.976489484616307024e+00
8.749187328707858313e+00
8.737188646455608776e+00
